-500.0	-115.02761299999975
-499.0	-108.57259999999997
-498.0	-102.11758699999973
-497.0	-95.66257399999995
-496.0	-89.20756099999971
-495.0	-82.75254799999993
-494.0	-76.2975349999997
-493.0	-69.84252199999992
-492.0	-63.38750899999968
-491.0	-56.9324959999999
-490.0	-50.477482999999665
-489.0	-44.022469999999885
-488.0	-37.56745699999965
-487.0	-31.11244399999987
-486.0	-24.657430999999633
-485.0	-18.202417999999852
-484.0	-11.747404999999617
-483.0	-5.292391999999836
-482.0	1.1626209999999446
-481.0	7.61763400000018
-480.0	14.07264699999996
-479.0	20.527660000000196
-478.0	26.982672999999977
-477.0	33.43768600000021
-476.0	39.89269899999999
-475.0	46.34771200000023
-474.0	52.80272500000001
-473.0	59.257738000000245
-472.0	65.71275100000003
-471.0	72.16776400000026
-470.0	78.62277700000004
-469.0	85.07779000000028
-468.0	91.53280300000006
-467.0	97.9878160000003
-466.0	104.44282900000007
-465.0	110.89784200000031
-464.0	117.35285500000009
-463.0	123.80786800000033
-462.0	130.2628810000001
-461.0	136.71789400000034
-460.0	143.17290700000012
-459.0	149.62792000000036
-458.0	156.08293300000014
-457.0	162.53794600000037
-456.0	168.99295900000016
-455.0	175.44797199999994
-454.0	181.90298500000017
-453.0	188.35799799999995
-452.0	194.8130110000002
-451.0	201.26802399999997
-450.0	207.7230370000002
-449.0	214.17804999999998
-448.0	220.63306300000022
-447.0	227.088076
-446.0	233.54308900000024
-445.0	239.99810200000002
-444.0	246.45311500000025
-443.0	252.90812800000003
-442.0	259.36314100000027
-441.0	265.81815400000005
-440.0	272.2731670000003
-439.0	278.72818000000007
-438.0	285.1831930000003
-437.0	291.6382060000001
-436.0	298.0932190000003
-435.0	304.5482320000001
-434.0	311.00324500000033
-433.0	317.4582580000001
-432.0	323.91327100000035
-431.0	330.36828400000013
-430.0	336.82329700000037
-429.0	343.27831000000015
-428.0	349.7333230000004
-427.0	356.18833600000016
-426.0	362.64334899999994
-425.0	369.0983620000002
-424.0	375.55337499999996
-423.0	382.0083880000002
-422.0	388.463401
-421.0	394.9184140000002
-420.0	401.373427
-419.0	407.8284400000002
-418.0	414.283453
-417.0	420.73846600000024
-416.0	427.193479
-415.0	433.64849200000026
-414.0	440.10350500000004
-413.0	446.5585180000003
-412.0	453.01353100000006
-411.0	459.4685440000003
-410.0	465.9235570000001
-409.0	472.3785700000003
-408.0	478.8335830000001
-407.0	485.2885960000003
-406.0	491.7436090000001
-405.0	498.19862200000034
-404.0	504.6536350000001
-403.0	511.10864800000036
-402.0	517.5636610000001
-401.0	524.0186740000004
-400.0	530.4736870000002
-399.0	536.9287000000004
-398.0	543.3837130000002
-397.0	549.838726
-396.0	556.2937390000002
-395.0	562.748752
-394.0	569.2037650000002
-393.0	575.658778
-392.0	582.1137910000002
-391.0	588.568804
-390.0	595.0238170000002
-389.0	601.47883
-388.0	607.9338430000003
-387.0	614.388856
-386.0	620.8438690000003
-385.0	627.298882
-384.0	633.7538950000003
-383.0	640.2089080000001
-382.0	646.6639210000003
-381.0	653.1189340000001
-380.0	659.5739470000003
-379.0	666.0289600000001
-378.0	672.4839730000003
-377.0	678.9389860000001
-376.0	685.3939990000003
-375.0	691.8490120000001
-374.0	698.3040250000004
-373.0	704.7590380000001
-372.0	711.2140510000004
-371.0	717.6690640000002
-370.0	724.1240770000004
-369.0	730.5790900000002
-368.0	737.034103
-367.0	743.4891160000002
-366.0	749.944129
-365.0	756.3991420000002
-364.0	762.854155
-363.0	769.3091680000002
-362.0	775.764181
-361.0	782.2191940000002
-360.0	788.674207
-359.0	795.1292200000003
-358.0	801.584233
-357.0	808.0392460000003
-356.0	814.494259
-355.0	820.9492720000003
-354.0	827.4042850000001
-353.0	833.8592980000003
-352.0	840.3143110000001
-351.0	846.7693240000003
-350.0	853.2243370000001
-349.0	859.6793500000003
-348.0	866.1343630000001
-347.0	872.5893760000004
-346.0	879.0443890000001
-345.0	885.4994020000004
-344.0	891.9544150000002
-343.0	898.4094280000004
-342.0	904.8644410000002
-341.0	911.319454
-340.0	917.7744670000002
-339.0	924.22948
-338.0	930.6844930000002
-337.0	937.139506
-336.0	943.5945190000002
-335.0	950.049532
-334.0	956.5045450000002
-333.0	962.959558
-332.0	969.4145710000003
-331.0	975.869584
-330.0	982.3245970000003
-329.0	988.77961
-328.0	995.2346230000003
-327.0	1001.6896360000001
-326.0	1008.1446490000003
-325.0	1014.5996620000001
-324.0	1021.0546750000003
-323.0	1027.509688
-322.0	1033.9647010000003
-321.0	1040.419714
-320.0	1046.8747270000003
-319.0	1053.3297400000001
-318.0	1059.7847530000004
-317.0	1066.2397660000001
-316.0	1072.6947790000002
-315.0	1079.1497920000002
-314.0	1085.6048050000002
-313.0	1092.0598180000002
-312.0	1098.5148310000002
-311.0	1104.9698440000002
-310.0	1111.4248570000002
-309.0	1117.8798700000002
-308.0	1124.3348830000002
-307.0	1130.7898960000002
-306.0	1137.2449090000002
-305.0	1143.6999220000002
-304.0	1150.1549350000003
-303.0	1156.6099480000003
-302.0	1163.0649610000003
-301.0	1169.5199740000003
-300.0	1175.9749870000003
-299.0	1182.4300000000003
-298.0	1188.885013
-297.0	1195.340026
-296.0	1201.795039
-295.0	1208.250052
-294.0	1214.705065
-293.0	1221.160078
-292.0	1227.6150910000001
-291.0	1234.0701040000001
-290.0	1240.5251170000001
-289.0	1246.9801300000001
-288.0	1253.4351430000002
-287.0	1259.8901560000002
-286.0	1266.3451690000002
-285.0	1272.8001820000002
-284.0	1279.2551950000002
-283.0	1285.7102080000002
-282.0	1292.1652210000002
-281.0	1298.6202340000002
-280.0	1305.0752470000002
-279.0	1311.5302600000002
-278.0	1317.9852730000002
-277.0	1324.4402860000002
-276.0	1330.8952990000003
-275.0	1337.3503120000003
-274.0	1343.8053250000003
-273.0	1350.2603380000003
-272.0	1356.7153510000003
-271.0	1363.1703640000003
-270.0	1369.625377
-269.0	1376.08039
-268.0	1382.535403
-267.0	1388.990416
-266.0	1395.445429
-265.0	1401.900442
-264.0	1408.3554550000001
-263.0	1414.8104680000001
-262.0	1421.2654810000001
-261.0	1427.7204940000001
-260.0	1434.1755070000002
-259.0	1440.6305200000002
-258.0	1447.0855330000002
-257.0	1453.5405460000002
-256.0	1459.9955590000002
-255.0	1466.4505720000002
-254.0	1472.9055850000002
-253.0	1479.3605980000002
-252.0	1485.8156110000002
-251.0	1492.2706240000002
-250.0	1498.7256370000002
-249.0	1505.1806500000002
-248.0	1511.6356630000002
-247.0	1518.0906760000003
-246.0	1524.5456890000003
-245.0	1531.0007020000003
-244.0	1537.4557150000003
-243.0	1543.9107280000003
-242.0	1550.3657410000003
-241.0	1556.820754
-240.0	1563.275767
-239.0	1569.73078
-238.0	1576.185793
-237.0	1582.640806
-236.0	1589.0958190000001
-235.0	1595.5508320000001
-234.0	1602.0058450000001
-233.0	1608.4608580000001
-232.0	1614.9158710000002
-231.0	1621.3708840000002
-230.0	1627.8258970000002
-229.0	1634.2809100000002
-228.0	1640.7359230000002
-227.0	1647.1909360000002
-226.0	1653.6459490000002
-225.0	1660.1009620000002
-224.0	1666.5559750000002
-223.0	1673.0109880000002
-222.0	1679.4660010000002
-221.0	1685.9210140000002
-220.0	1692.3760270000002
-219.0	1698.8310400000003
-218.0	1705.2860530000003
-217.0	1711.7410660000003
-216.0	1718.1960790000003
-215.0	1724.6510920000003
-214.0	1731.1061050000003
-213.0	1737.561118
-212.0	1744.016131
-211.0	1750.471144
-210.0	1756.926157
-209.0	1763.38117
-208.0	1769.8361830000001
-207.0	1776.2911960000001
-206.0	1782.7462090000001
-205.0	1789.2012220000001
-204.0	1795.6562350000002
-203.0	1802.1112480000002
-202.0	1808.5662610000002
-201.0	1815.0212740000002
-200.0	1821.4762870000002
-199.0	1827.9313000000002
-198.0	1834.3863130000002
-197.0	1840.8413260000002
-196.0	1847.2963390000002
-195.0	1853.7513520000002
-194.0	1860.2063650000002
-193.0	1866.6613780000002
-192.0	1873.1163910000002
-191.0	1879.5714040000003
-190.0	1886.0264170000003
-189.0	1892.4814300000003
-188.0	1898.9364430000003
-187.0	1905.3914560000003
-186.0	1911.8464690000003
-185.0	1918.3014820000003
-184.0	1924.756495
-183.0	1931.211508
-182.0	1937.666521
-181.0	1944.121534
-180.0	1950.5765470000001
-179.0	1957.0315600000001
-178.0	1963.4865730000001
-177.0	1969.9415860000001
-176.0	1976.3965990000002
-175.0	1982.8516120000002
-174.0	1989.3066250000002
-173.0	1995.7616380000002
-172.0	2002.2166510000002
-171.0	2008.6716640000002
-170.0	2015.1266770000002
-169.0	2021.5816900000002
-168.0	2028.0367030000002
-167.0	2034.4917160000002
-166.0	2040.9467290000002
-165.0	2047.4017420000002
-164.0	2053.8567550000002
-163.0	2060.3117680000005
-162.0	2066.7667810000003
-161.0	2073.221794
-160.0	2079.6768070000003
-159.0	2086.1318200000005
-158.0	2092.5868330000003
-157.0	2099.041846
-156.0	2105.4968590000003
-155.0	2111.951872
-154.0	2118.4068850000003
-153.0	2124.861898
-152.0	2131.3169110000003
-151.0	2137.771924
-150.0	2144.2269370000004
-149.0	2150.68195
-148.0	2157.136963
-147.0	2163.591976
-146.0	2170.0469890000004
-145.0	2176.502002
-144.0	2182.957015
-143.0	2189.412028
-142.0	2195.8670410000004
-141.0	2202.322054
-140.0	2208.777067
-139.0	2215.23208
-138.0	2221.6870930000005
-137.0	2228.1421060000002
-136.0	2234.597119
-135.0	2241.0521320000003
-134.0	2247.507145
-133.0	2253.9621580000003
-132.0	2260.417171
-131.0	2266.8721840000003
-130.0	2273.327197
-129.0	2279.7822100000003
-128.0	2286.237223
-127.0	2292.6922360000003
-126.0	2299.147249
-125.0	2305.6022620000003
-124.0	2312.057275
-123.0	2318.5122880000004
-122.0	2324.967301
-121.0	2331.4223140000004
-120.0	2337.877327
-119.0	2344.33234
-118.0	2350.787353
-117.0	2357.2423660000004
-116.0	2363.697379
-115.0	2370.152392
-114.0	2376.607405
-113.0	2383.0624180000004
-112.0	2389.517431
-111.0	2395.972444
-110.0	2402.4274570000002
-109.0	2408.8824700000005
-108.0	2415.3374830000002
-107.0	2421.792496
-106.0	2428.2475090000003
-105.0	2434.702522
-104.0	2441.1575350000003
-103.0	2447.612548
-102.0	2454.0675610000003
-101.0	2460.522574
-100.0	2466.9775870000003
-99.0	2473.4326
-98.0	2479.8876130000003
-97.0	2486.342626
-96.0	2492.7976390000003
-95.0	2499.252652
-94.0	2505.7076650000004
-93.0	2512.162678
-92.0	2518.6176910000004
-91.0	2525.072704
-90.0	2531.527717
-89.0	2537.98273
-88.0	2544.4377430000004
-87.0	2550.892756
-86.0	2557.347769
-85.0	2563.802782
-84.0	2570.2577950000004
-83.0	2576.712808
-82.0	2583.167821
-81.0	2589.6228340000002
-80.0	2596.0778470000005
-79.0	2602.5328600000003
-78.0	2608.987873
-77.0	2615.4428860000003
-76.0	2621.897899
-75.0	2628.3529120000003
-74.0	2634.807925
-73.0	2641.2629380000003
-72.0	2647.717951
-71.0	2654.1729640000003
-70.0	2660.627977
-69.0	2667.0829900000003
-68.0	2673.538003
-67.0	2679.9930160000004
-66.0	2686.448029
-65.0	2692.9030420000004
-64.0	2699.358055
-63.0	2705.8130680000004
-62.0	2712.268081
-61.0	2718.7230940000004
-60.0	2725.178107
-59.0	2731.6331200000004
-58.0	2738.088133
-57.0	2744.543146
-56.0	2750.998159
-55.0	2757.4531720000004
-54.0	2763.9081850000002
-53.0	2770.363198
-52.0	2776.8182110000002
-51.0	2783.273224
-50.0	2789.7282370000003
-49.0	2796.18325
-48.0	2802.6382630000003
-47.0	2809.093276
-46.0	2815.5482890000003
-45.0	2822.003302
-44.0	2828.4583150000003
-43.0	2834.913328
-42.0	2841.3683410000003
-41.0	2847.823354
-40.0	2854.2783670000003
-39.0	2860.73338
-38.0	2867.1883930000004
-37.0	2873.643406
-36.0	2880.0984190000004
-35.0	2886.553432
-34.0	2893.0084450000004
-33.0	2899.463458
-32.0	2905.9184710000004
-31.0	2912.373484
-30.0	2918.8284970000004
-29.0	2925.28351
-28.0	2931.738523
-27.0	2938.193536
-26.0	2944.648549
-25.0	2951.1035620000002
-24.0	2957.558575
-23.0	2964.0135880000003
-22.0	2970.468601
-21.0	2976.9236140000003
-20.0	2983.378627
-19.0	2989.8336400000003
-18.0	2996.288653
-17.0	3002.7436660000003
-16.0	3009.198679
-15.0	3015.6536920000003
-14.0	3022.108705
-13.0	3028.5637180000003
-12.0	3035.018731
-11.0	3041.4737440000004
-10.0	3047.928757
-9.0	3054.3837700000004
-8.0	3060.838783
-7.0	3067.2937960000004
-6.0	3073.748809
-5.0	3080.2038220000004
-4.0	3086.658835
-3.0	3093.1138480000004
-2.0	3099.568861
-1.0	3106.0238740000004
0.0	3112.478887
1.0	3514.0
2.0	3523.0
3.0	3532.0
4.0	3541.0
5.0	3550.0
6.0	3559.0
7.0	3568.0
8.0	3577.0
9.0	3586.0
10.0	3595.0
11.0	3604.0
12.0	3613.0
13.0	3622.0
14.0	3631.0
15.0	3640.0
16.0	3649.0
17.0	3658.0
18.0	3667.0
19.0	3676.0
20.0	3685.0
21.0	3694.0
22.0	3703.0
23.0	3712.0
24.0	3721.0
25.0	3730.0
26.0	3739.0
27.0	3748.0
28.0	3757.0
29.0	3766.0
30.0	3775.0
31.0	3784.0
32.0	3793.0
33.0	3802.0
34.0	3811.0
35.0	3820.0
36.0	3829.0
37.0	3838.0
38.0	3847.0
39.0	3856.0
40.0	3865.0
41.0	3874.0
42.0	3883.0
43.0	3892.0
44.0	3901.0
45.0	3910.0
46.0	3919.0
47.0	3928.0
48.0	3937.0
49.0	3946.0
50.0	3955.0
51.0	3964.0
52.0	3973.0
53.0	3982.0
54.0	3991.0
55.0	4000.0
56.0	4009.0
57.0	4018.0
58.0	4027.0
59.0	4036.0
60.0	4045.0
61.0	4054.0
62.0	4063.0
63.0	4072.0
64.0	4081.0
65.0	4090.0
66.0	4099.0
67.0	4108.0
68.0	4117.0
69.0	4126.0
70.0	4135.0
71.0	4144.0
72.0	4153.0
73.0	4162.0
74.0	4171.0
75.0	4180.0
76.0	4189.0
77.0	4198.0
78.0	4207.0
79.0	4216.0
80.0	4225.0
81.0	4234.0
82.0	4243.0
83.0	4252.0
84.0	4261.0
85.0	4270.0
86.0	4279.0
87.0	4288.0
88.0	4297.0
89.0	4306.0
90.0	4315.0
91.0	4324.0
92.0	4333.0
93.0	4342.0
94.0	4351.0
95.0	4360.0
96.0	4369.0
97.0	4378.0
98.0	4387.0
99.0	4396.0
100.0	4405.0
101.0	4414.0
102.0	4423.0
103.0	4432.0
104.0	4441.0
105.0	4450.0
106.0	4459.0
107.0	4468.0
108.0	4477.0
109.0	4486.0
110.0	4495.0
111.0	4504.0
112.0	4513.0
113.0	4522.0
114.0	4531.0
115.0	4540.0
116.0	4549.0
117.0	4558.0
118.0	4567.0
119.0	4576.0
120.0	4585.0
121.0	4594.0
122.0	4603.0
123.0	4612.0
124.0	4621.0
125.0	4630.0
126.0	4639.0
127.0	4648.0
128.0	4657.0
129.0	4666.0
130.0	4675.0
131.0	4684.0
132.0	4693.0
133.0	4702.0
134.0	4711.0
135.0	4720.0
136.0	4729.0
137.0	4738.0
138.0	4747.0
139.0	4756.0
140.0	4765.0
141.0	4774.0
142.0	4783.0
143.0	4792.0
144.0	4801.0
145.0	4810.0
146.0	4819.0
147.0	4828.0
148.0	4837.0
149.0	4846.0
150.0	4855.0
151.0	4864.0
152.0	4873.0
153.0	4882.0
154.0	4891.0
155.0	4900.0
156.0	4909.0
157.0	4918.0
158.0	4927.0
159.0	4936.0
160.0	4945.0
161.0	4954.0
162.0	4963.0
163.0	4972.0
164.0	4981.0
165.0	4990.0
166.0	4999.0
167.0	5008.0
168.0	5017.0
169.0	5026.0
170.0	5035.0
171.0	5044.0
172.0	5053.0
173.0	5062.0
174.0	5071.0
175.0	5080.0
176.0	5089.0
177.0	5098.0
178.0	5107.0
179.0	5116.0
180.0	5125.0
181.0	5134.0
182.0	5143.0
183.0	5152.0
184.0	5161.0
185.0	5170.0
186.0	5179.0
187.0	5188.0
188.0	5197.0
189.0	5206.0
190.0	5215.0
191.0	5224.0
192.0	5233.0
193.0	5242.0
194.0	5251.0
195.0	5260.0
196.0	5269.0
197.0	5278.0
198.0	5287.0
199.0	5296.0
200.0	5305.0
201.0	5314.0
202.0	5323.0
203.0	5332.0
204.0	5341.0
205.0	5350.0
206.0	5359.0
207.0	5368.0
208.0	5377.0
209.0	5386.0
210.0	5395.0
211.0	5404.0
212.0	5413.0
213.0	5422.0
214.0	5431.0
215.0	5440.0
216.0	5449.0
217.0	5458.0
218.0	5467.0
219.0	5476.0
220.0	5485.0
221.0	5494.0
222.0	5503.0
223.0	5512.0
224.0	5521.0
225.0	5530.0
226.0	5539.0
227.0	5548.0
228.0	5557.0
229.0	5566.0
230.0	5575.0
231.0	5584.0
232.0	5593.0
233.0	5602.0
234.0	5611.0
235.0	5620.0
236.0	5629.0
237.0	5638.0
238.0	5647.0
239.0	5656.0
240.0	5665.0
241.0	5674.0
242.0	5683.0
243.0	5692.0
244.0	5701.0
245.0	5710.0
246.0	5719.0
247.0	5728.0
248.0	5737.0
249.0	5746.0
250.0	5755.0
251.0	5764.0
252.0	5773.0
253.0	5782.0
254.0	5791.0
255.0	5800.0
256.0	5809.0
257.0	5818.0
258.0	5827.0
259.0	5836.0
260.0	5845.0
261.0	5854.0
262.0	5863.0
263.0	5872.0
264.0	5881.0
265.0	5890.0
266.0	5899.0
267.0	5908.0
268.0	5917.0
269.0	5926.0
270.0	5935.0
271.0	5944.0
272.0	5953.0
273.0	5962.0
274.0	5971.0
275.0	5980.0
276.0	5989.0
277.0	5998.0
278.0	6007.0
279.0	6016.0
280.0	6025.0
281.0	6034.0
282.0	6043.0
283.0	6052.0
284.0	6061.0
285.0	6070.0
286.0	6079.0
287.0	6088.0
288.0	6097.0
289.0	6106.0
290.0	6115.0
291.0	6124.0
292.0	6133.0
293.0	6142.0
294.0	6151.0
295.0	6160.0
296.0	6169.0
297.0	6178.0
298.0	6187.0
299.0	6196.0
300.0	6205.0
301.0	6214.0
302.0	6223.0
303.0	6232.0
304.0	6241.0
305.0	6250.0
306.0	6259.0
307.0	6268.0
308.0	6277.0
309.0	6286.0
310.0	6295.0
311.0	6304.0
312.0	6313.0
313.0	6322.0
314.0	6331.0
315.0	6340.0
316.0	6349.0
317.0	6358.0
318.0	6367.0
319.0	6376.0
320.0	6385.0
321.0	6394.0
322.0	6403.0
323.0	6412.0
324.0	6421.0
325.0	6430.0
326.0	6439.0
327.0	6448.0
328.0	6457.0
329.0	6466.0
330.0	6475.0
331.0	6484.0
332.0	6493.0
333.0	6502.0
334.0	6511.0
335.0	6520.0
336.0	6529.0
337.0	6538.0
338.0	6547.0
339.0	6556.0
340.0	6565.0
341.0	6574.0
342.0	6583.0
343.0	6592.0
344.0	6601.0
345.0	6610.0
346.0	6619.0
347.0	6628.0
348.0	6637.0
349.0	6646.0
350.0	6655.0
351.0	6664.0
352.0	6673.0
353.0	6682.0
354.0	6691.0
355.0	6700.0
356.0	6709.0
357.0	6718.0
358.0	6727.0
359.0	6736.0
360.0	6745.0
361.0	6754.0
362.0	6763.0
363.0	6772.0
364.0	6781.0
365.0	6790.0
366.0	6799.0
367.0	6808.0
368.0	6817.0
369.0	6826.0
370.0	6835.0
371.0	6844.0
372.0	6853.0
373.0	6862.0
374.0	6871.0
375.0	6880.0
376.0	6889.0
377.0	6898.0
378.0	6907.0
379.0	6916.0
380.0	6925.0
381.0	6934.0
382.0	6943.0
383.0	6952.0
384.0	6961.0
385.0	6970.0
386.0	6979.0
387.0	6988.0
388.0	6997.0
389.0	7006.0
390.0	7015.0
391.0	7024.0
392.0	7033.0
393.0	7042.0
394.0	7051.0
395.0	7060.0
396.0	7069.0
397.0	7078.0
398.0	7087.0
399.0	7096.0
400.0	7105.0
401.0	7114.0
402.0	7123.0
403.0	7132.0
404.0	7141.0
405.0	7150.0
406.0	7159.0
407.0	7168.0
408.0	7177.0
409.0	7186.0
410.0	7195.0
411.0	7204.0
412.0	7213.0
413.0	7222.0
414.0	7231.0
415.0	7240.0
416.0	7249.0
417.0	7258.0
418.0	7267.0
419.0	7276.0
420.0	7285.0
421.0	7294.0
422.0	7303.0
423.0	7312.0
424.0	7321.0
425.0	7330.0
426.0	7339.0
427.0	7348.0
428.0	7357.0
429.0	7366.0
430.0	7375.0
431.0	7384.0
432.0	7393.0
433.0	7402.0
434.0	7411.0
435.0	7420.0
436.0	7429.0
437.0	7438.0
438.0	7447.0
439.0	7456.0
440.0	7465.0
441.0	7474.0
442.0	7483.0
443.0	7492.0
444.0	7501.0
445.0	7510.0
446.0	7519.0
447.0	7528.0
448.0	7537.0
449.0	7546.0
450.0	7555.0
451.0	7564.0
452.0	7573.0
453.0	7582.0
454.0	7591.0
455.0	7600.0
456.0	7609.0
457.0	7618.0
458.0	7627.0
459.0	7636.0
460.0	7645.0
461.0	7654.0
462.0	7663.0
463.0	7672.0
464.0	7681.0
465.0	7690.0
466.0	7699.0
467.0	7708.0
468.0	7717.0
469.0	7726.0
470.0	7735.0
471.0	7744.0
472.0	7753.0
473.0	7762.0
474.0	7771.0
475.0	7780.0
476.0	7789.0
477.0	7798.0
478.0	7807.0
479.0	7816.0
480.0	7825.0
481.0	7834.0
482.0	7843.0
483.0	7852.0
484.0	7861.0
485.0	7870.0
486.0	7879.0
487.0	7888.0
488.0	7897.0
489.0	7906.0
490.0	7915.0
491.0	7924.0
492.0	7933.0
493.0	7942.0
494.0	7951.0
495.0	7960.0
496.0	7969.0
497.0	7978.0
498.0	7987.0
499.0	7996.0
500.0	8005.0
