-500.0	0.0
-499.0	0.0
-498.0	0.0
-497.0	0.0
-496.0	0.0
-495.0	0.0
-494.0	0.0
-493.0	0.0
-492.0	0.0
-491.0	0.0
-490.0	0.0
-489.0	0.0
-488.0	0.0
-487.0	0.0
-486.0	0.0
-485.0	0.0
-484.0	0.0
-483.0	0.0
-482.0	0.0
-481.0	0.0
-480.0	0.0
-479.0	0.0
-478.0	0.0
-477.0	0.0
-476.0	0.0
-475.0	0.0
-474.0	0.0
-473.0	0.0
-472.0	0.0
-471.0	0.0
-470.0	0.0
-469.0	0.0
-468.0	0.0
-467.0	0.0
-466.0	0.0
-465.0	0.0
-464.0	0.0
-463.0	0.0
-462.0	0.0
-461.0	0.0
-460.0	0.0
-459.0	0.0
-458.0	0.0
-457.0	0.0
-456.0	0.0
-455.0	0.0
-454.0	0.0
-453.0	0.0
-452.0	0.0
-451.0	0.0
-450.0	0.0
-449.0	0.0
-448.0	0.0
-447.0	0.0
-446.0	0.0
-445.0	0.0
-444.0	0.0
-443.0	0.0
-442.0	0.0
-441.0	0.0
-440.0	0.0
-439.0	0.0
-438.0	0.0
-437.0	0.0
-436.0	0.0
-435.0	0.0
-434.0	0.0
-433.0	0.0
-432.0	0.0
-431.0	0.0
-430.0	0.0
-429.0	0.0
-428.0	0.0
-427.0	0.0
-426.0	0.0
-425.0	0.0
-424.0	0.0
-423.0	0.0
-422.0	0.0
-421.0	0.0
-420.0	0.0
-419.0	0.0
-418.0	0.0
-417.0	0.0
-416.0	0.0
-415.0	0.0
-414.0	0.0
-413.0	0.0
-412.0	0.0
-411.0	0.0
-410.0	0.0
-409.0	0.0
-408.0	0.0
-407.0	0.0
-406.0	0.0
-405.0	0.0
-404.0	0.0
-403.0	0.0
-402.0	0.0
-401.0	0.0
-400.0	0.0
-399.0	0.0
-398.0	0.0
-397.0	0.0
-396.0	0.0
-395.0	0.0
-394.0	0.0
-393.0	0.0
-392.0	0.0
-391.0	0.0
-390.0	0.0
-389.0	0.0
-388.0	0.0
-387.0	0.0
-386.0	0.0
-385.0	0.0
-384.0	0.0
-383.0	0.0
-382.0	0.0
-381.0	0.0
-380.0	0.0
-379.0	0.0
-378.0	0.0
-377.0	0.0
-376.0	0.0
-375.0	0.0
-374.0	0.0
-373.0	0.0
-372.0	0.0
-371.0	0.0
-370.0	0.0
-369.0	0.0
-368.0	0.0
-367.0	0.0
-366.0	0.0
-365.0	0.0
-364.0	0.0
-363.0	0.0
-362.0	0.0
-361.0	0.0
-360.0	0.7040000000000646
-359.0	3.4880000000000564
-358.0	6.272000000000048
-357.0	9.05600000000004
-356.0	11.840000000000032
-355.0	14.624000000000024
-354.0	17.408000000000015
-353.0	20.192000000000007
-352.0	22.976
-351.0	25.75999999999999
-350.0	28.543999999999983
-349.0	31.327999999999975
-348.0	34.11200000000008
-347.0	36.89600000000007
-346.0	39.680000000000064
-345.0	42.464000000000055
-344.0	45.24800000000005
-343.0	48.03200000000004
-342.0	50.81600000000003
-341.0	53.60000000000002
-340.0	56.384000000000015
-339.0	59.168000000000006
-338.0	61.952
-337.0	64.73599999999999
-336.0	67.51999999999998
-335.0	70.30399999999997
-334.0	73.08800000000008
-333.0	75.87200000000007
-332.0	78.65600000000006
-331.0	81.44000000000005
-330.0	84.22400000000005
-329.0	87.00800000000004
-328.0	89.79200000000003
-327.0	92.57600000000002
-326.0	95.36000000000001
-325.0	98.144
-324.0	100.928
-323.0	103.71199999999999
-322.0	106.49599999999998
-321.0	109.27999999999997
-320.0	112.06400000000008
-319.0	114.84800000000007
-318.0	117.63200000000006
-317.0	120.41600000000005
-316.0	123.20000000000005
-315.0	125.98400000000004
-314.0	128.76800000000003
-313.0	131.55200000000002
-312.0	134.336
-311.0	137.12
-310.0	139.904
-309.0	142.688
-308.0	145.47199999999998
-307.0	148.25599999999997
-306.0	151.03999999999996
-305.0	153.82400000000007
-304.0	156.60800000000006
-303.0	159.39200000000005
-302.0	162.17600000000004
-301.0	164.96000000000004
-300.0	167.74399999999991
-299.0	171.3839999999998
-298.0	175.0239999999999
-297.0	178.664
-296.0	182.30399999999986
-295.0	185.94399999999996
-294.0	189.58399999999983
-293.0	193.22399999999993
-292.0	196.8639999999998
-291.0	200.5039999999999
-290.0	204.14399999999978
-289.0	207.78399999999988
-288.0	211.42399999999998
-287.0	215.06399999999985
-286.0	218.70399999999995
-285.0	222.34399999999982
-284.0	225.98399999999992
-283.0	229.6239999999998
-282.0	233.2639999999999
-281.0	236.90399999999988
-280.0	240.54399999999987
-279.0	244.18399999999986
-278.0	247.82399999999984
-277.0	251.46399999999983
-276.0	255.10399999999993
-275.0	258.7439999999999
-274.0	262.3839999999999
-273.0	266.0239999999999
-272.0	269.6639999999999
-271.0	273.30399999999986
-270.0	276.94399999999985
-269.0	280.58399999999983
-268.0	284.22399999999993
-267.0	287.8639999999999
-266.0	291.5039999999999
-265.0	295.1439999999999
-264.0	298.7839999999999
-263.0	302.42399999999986
-262.0	306.06399999999985
-261.0	309.70399999999984
-260.0	313.34399999999994
-259.0	316.9839999999999
-258.0	320.6239999999999
-257.0	324.2639999999999
-256.0	327.9039999999999
-255.0	331.54399999999987
-254.0	335.18399999999986
-253.0	338.82399999999984
-252.0	342.4639999999998
-251.0	346.1039999999999
-250.0	349.7439999999999
-249.0	353.3839999999999
-248.0	357.0239999999999
-247.0	360.6639999999999
-246.0	364.30399999999986
-245.0	367.94399999999985
-244.0	371.58399999999983
-243.0	375.22399999999993
-242.0	378.8639999999999
-241.0	382.5039999999999
-240.0	386.1439999999999
-239.0	389.7839999999999
-238.0	393.42399999999986
-237.0	397.06399999999985
-236.0	400.70399999999984
-235.0	404.34399999999994
-234.0	407.9839999999999
-233.0	411.6239999999999
-232.0	415.2639999999999
-231.0	418.9039999999999
-230.0	422.54399999999987
-229.0	426.18399999999986
-228.0	429.82399999999984
-227.0	433.46399999999994
-226.0	437.1039999999999
-225.0	440.7439999999999
-224.0	444.3839999999999
-223.0	448.0239999999999
-222.0	451.6639999999999
-221.0	455.30399999999986
-220.0	458.94399999999985
-219.0	462.58399999999983
-218.0	466.22399999999993
-217.0	469.8639999999999
-216.0	473.5039999999999
-215.0	477.1439999999999
-214.0	480.7839999999999
-213.0	484.42399999999986
-212.0	488.06399999999985
-211.0	491.70399999999984
-210.0	495.34399999999994
-209.0	498.9839999999999
-208.0	502.6239999999999
-207.0	506.2639999999999
-206.0	509.9039999999999
-205.0	513.5439999999999
-204.0	517.1839999999999
-203.0	520.8239999999998
-202.0	524.4639999999999
-201.0	528.1039999999999
-200.0	531.7439999999999
-199.0	536.1439999999999
-198.0	540.5439999999999
-197.0	544.9439999999998
-196.0	549.3439999999998
-195.0	553.7439999999998
-194.0	558.1439999999999
-193.0	562.5439999999999
-192.0	566.9439999999998
-191.0	571.3439999999998
-190.0	575.7439999999998
-189.0	580.1439999999999
-188.0	584.5439999999999
-187.0	588.9439999999998
-186.0	593.3439999999998
-185.0	597.7439999999998
-184.0	602.1439999999999
-183.0	606.5439999999999
-182.0	610.9439999999998
-181.0	615.3439999999998
-180.0	619.7439999999998
-179.0	624.1439999999999
-178.0	628.5439999999999
-177.0	632.9439999999998
-176.0	637.3439999999998
-175.0	641.7439999999998
-174.0	646.1439999999999
-173.0	650.5439999999999
-172.0	654.9439999999998
-171.0	659.3439999999998
-170.0	663.7439999999998
-169.0	668.1439999999999
-168.0	672.5439999999999
-167.0	676.9439999999998
-166.0	681.3439999999998
-165.0	685.7439999999998
-164.0	690.1439999999999
-163.0	694.5439999999999
-162.0	698.9439999999998
-161.0	703.3439999999998
-160.0	707.7439999999999
-159.0	712.1439999999999
-158.0	716.5439999999999
-157.0	720.9439999999998
-156.0	725.3439999999998
-155.0	729.7439999999999
-154.0	734.1439999999999
-153.0	738.5439999999999
-152.0	742.9439999999998
-151.0	747.3439999999998
-150.0	751.7439999999999
-149.0	756.1439999999999
-148.0	760.5439999999999
-147.0	764.9439999999998
-146.0	769.3439999999998
-145.0	773.7439999999999
-144.0	778.1439999999999
-143.0	782.5439999999999
-142.0	786.9439999999998
-141.0	791.3439999999998
-140.0	795.7439999999999
-139.0	800.1439999999999
-138.0	804.5439999999999
-137.0	808.9439999999998
-136.0	813.3439999999998
-135.0	817.7439999999999
-134.0	822.1439999999999
-133.0	826.5439999999999
-132.0	830.9439999999998
-131.0	835.3439999999998
-130.0	839.7439999999999
-129.0	844.1439999999999
-128.0	848.5439999999999
-127.0	852.9439999999998
-126.0	857.3439999999998
-125.0	861.7439999999999
-124.0	866.1439999999999
-123.0	870.5439999999999
-122.0	874.9439999999998
-121.0	879.3439999999998
-120.0	883.7439999999999
-119.0	888.1439999999999
-118.0	892.5439999999999
-117.0	896.9439999999998
-116.0	901.3439999999998
-115.0	905.7439999999999
-114.0	910.1439999999999
-113.0	914.5439999999999
-112.0	918.9439999999998
-111.0	923.3439999999998
-110.0	927.7439999999999
-109.0	932.1439999999999
-108.0	936.5439999999999
-107.0	940.944
-106.0	945.3439999999998
-105.0	949.7439999999999
-104.0	954.1439999999999
-103.0	958.5439999999999
-102.0	962.944
-101.0	967.3439999999998
-100.0	971.7439999999999
-99.0	976.7439999999999
-98.0	981.7439999999999
-97.0	986.7439999999999
-96.0	991.7439999999999
-95.0	996.7439999999999
-94.0	1001.7439999999999
-93.0	1006.7439999999999
-92.0	1011.7439999999999
-91.0	1016.7439999999999
-90.0	1021.7439999999999
-89.0	1026.744
-88.0	1031.744
-87.0	1036.744
-86.0	1041.744
-85.0	1046.744
-84.0	1051.744
-83.0	1056.744
-82.0	1061.744
-81.0	1066.744
-80.0	1071.744
-79.0	1076.744
-78.0	1081.744
-77.0	1086.744
-76.0	1091.744
-75.0	1096.744
-74.0	1101.744
-73.0	1106.744
-72.0	1111.744
-71.0	1116.744
-70.0	1121.744
-69.0	1126.744
-68.0	1131.744
-67.0	1136.744
-66.0	1141.744
-65.0	1146.744
-64.0	1151.744
-63.0	1156.744
-62.0	1161.744
-61.0	1166.744
-60.0	1171.744
-59.0	1176.744
-58.0	1181.744
-57.0	1186.744
-56.0	1191.744
-55.0	1196.744
-54.0	1201.744
-53.0	1206.744
-52.0	1211.744
-51.0	1216.744
-50.0	1221.744
-49.0	1226.744
-48.0	1231.744
-47.0	1236.744
-46.0	1241.744
-45.0	1246.744
-44.0	1251.744
-43.0	1256.744
-42.0	1261.744
-41.0	1266.744
-40.0	1271.744
-39.0	1276.744
-38.0	1281.744
-37.0	1286.744
-36.0	1291.744
-35.0	1296.744
-34.0	1301.744
-33.0	1306.744
-32.0	1311.744
-31.0	1316.744
-30.0	1321.744
-29.0	1326.744
-28.0	1331.744
-27.0	1336.744
-26.0	1341.744
-25.0	1346.744
-24.0	1351.744
-23.0	1356.744
-22.0	1361.744
-21.0	1366.744
-20.0	1371.744
-19.0	1376.744
-18.0	1381.744
-17.0	1386.744
-16.0	1391.744
-15.0	1396.744
-14.0	1401.744
-13.0	1406.744
-12.0	1411.744
-11.0	1416.744
-10.0	1421.744
-9.0	1426.744
-8.0	1431.744
-7.0	1436.744
-6.0	1441.744
-5.0	1446.744
-4.0	1451.744
-3.0	1456.744
-2.0	1461.744
-1.0	1466.744
0.0	1471.744
1.0	1477.744
2.0	1483.744
3.0	1489.744
4.0	1495.744
5.0	1501.744
6.0	1507.744
7.0	1513.744
8.0	1519.744
9.0	1525.744
10.0	1531.744
11.0	1537.744
12.0	1543.744
13.0	1549.744
14.0	1555.744
15.0	1561.744
16.0	1567.744
17.0	1573.744
18.0	1579.744
19.0	1585.744
20.0	1591.744
21.0	1597.744
22.0	1603.744
23.0	1609.744
24.0	1615.744
25.0	1621.744
26.0	1627.744
27.0	1633.744
28.0	1639.744
29.0	1645.744
30.0	1651.744
31.0	1657.744
32.0	1663.744
33.0	1669.744
34.0	1675.744
35.0	1681.744
36.0	1687.744
37.0	1693.744
38.0	1699.744
39.0	1705.744
40.0	1711.744
41.0	1717.744
42.0	1723.744
43.0	1729.744
44.0	1735.744
45.0	1741.744
46.0	1747.744
47.0	1753.744
48.0	1759.744
49.0	1765.744
50.0	1771.744
51.0	1777.744
52.0	1783.744
53.0	1789.744
54.0	1795.744
55.0	1801.744
56.0	1807.744
57.0	1813.744
58.0	1819.744
59.0	1825.744
60.0	1831.744
61.0	1837.744
62.0	1843.744
63.0	1849.744
64.0	1855.744
65.0	1861.744
66.0	1867.744
67.0	1873.744
68.0	1879.744
69.0	1885.744
70.0	1891.744
71.0	1897.744
72.0	1903.744
73.0	1909.744
74.0	1915.744
75.0	1921.744
76.0	1927.744
77.0	1933.744
78.0	1939.744
79.0	1945.744
80.0	1951.744
81.0	1957.744
82.0	1963.744
83.0	1969.744
84.0	1975.744
85.0	1981.744
86.0	1987.744
87.0	1993.744
88.0	1999.744
89.0	2005.744
90.0	2011.744
91.0	2017.744
92.0	2023.744
93.0	2029.744
94.0	2035.744
95.0	2041.744
96.0	2047.744
97.0	2053.7439999999997
98.0	2059.7439999999997
99.0	2065.7439999999997
100.0	2071.7439999999997
101.0	2077.7439999999997
102.0	2083.7439999999997
103.0	2089.7439999999997
104.0	2095.7439999999997
105.0	2101.7439999999997
106.0	2107.7439999999997
107.0	2113.7439999999997
108.0	2119.7439999999997
109.0	2125.7439999999997
110.0	2131.7439999999997
111.0	2137.7439999999997
112.0	2143.7439999999997
113.0	2149.7439999999997
114.0	2155.7439999999997
115.0	2161.7439999999997
116.0	2167.7439999999997
117.0	2173.7439999999997
118.0	2179.7439999999997
119.0	2185.7439999999997
120.0	2191.7439999999997
121.0	2197.7439999999997
122.0	2203.7439999999997
123.0	2209.7439999999997
124.0	2215.7439999999997
125.0	2221.7439999999997
126.0	2227.7439999999997
127.0	2233.7439999999997
128.0	2239.7439999999997
129.0	2245.7439999999997
130.0	2251.7439999999997
131.0	2257.7439999999997
132.0	2263.7439999999997
133.0	2269.7439999999997
134.0	2275.7439999999997
135.0	2281.7439999999997
136.0	2287.7439999999997
137.0	2293.7439999999997
138.0	2299.7439999999997
139.0	2305.7439999999997
140.0	2311.7439999999997
141.0	2317.7439999999997
142.0	2323.7439999999997
143.0	2329.7439999999997
144.0	2335.7439999999997
145.0	2341.7439999999997
146.0	2347.7439999999997
147.0	2353.7439999999997
148.0	2359.7439999999997
149.0	2365.7439999999997
150.0	2371.7439999999997
151.0	2377.7439999999997
152.0	2383.7439999999997
153.0	2389.7439999999997
154.0	2395.7439999999997
155.0	2401.7439999999997
156.0	2407.7439999999997
157.0	2413.7439999999997
158.0	2419.7439999999997
159.0	2425.7439999999997
160.0	2431.7439999999997
161.0	2437.7439999999997
162.0	2443.7439999999997
163.0	2449.7439999999997
164.0	2455.7439999999997
165.0	2461.7439999999997
166.0	2467.7439999999997
167.0	2473.7439999999997
168.0	2479.7439999999997
169.0	2485.7439999999997
170.0	2491.7439999999997
171.0	2497.7439999999997
172.0	2503.7439999999997
173.0	2509.7439999999997
174.0	2515.7439999999997
175.0	2521.7439999999997
176.0	2527.7439999999997
177.0	2533.7439999999997
178.0	2539.7439999999997
179.0	2545.7439999999997
180.0	2551.7439999999997
181.0	2557.7439999999997
182.0	2563.7439999999997
183.0	2569.7439999999997
184.0	2575.7439999999997
185.0	2581.7439999999997
186.0	2587.7439999999997
187.0	2593.7439999999997
188.0	2599.7439999999997
189.0	2605.7439999999997
190.0	2611.7439999999997
191.0	2617.7439999999997
192.0	2623.7439999999997
193.0	2629.7439999999997
194.0	2635.7439999999997
195.0	2641.7439999999997
196.0	2647.7439999999997
197.0	2653.7439999999997
198.0	2659.7439999999997
199.0	2665.7439999999997
200.0	2671.7439999999997
201.0	2677.7439999999997
202.0	2683.7439999999997
203.0	2689.7439999999997
204.0	2695.7439999999997
205.0	2701.7439999999997
206.0	2707.7439999999997
207.0	2713.7439999999997
208.0	2719.7439999999997
209.0	2725.7439999999997
210.0	2731.7439999999997
211.0	2737.7439999999997
212.0	2743.7439999999997
213.0	2749.7439999999997
214.0	2755.7439999999997
215.0	2761.7439999999997
216.0	2767.7439999999997
217.0	2773.7439999999997
218.0	2779.7439999999997
219.0	2785.7439999999997
220.0	2791.7439999999997
221.0	2797.7439999999997
222.0	2803.7439999999997
223.0	2809.7439999999997
224.0	2815.7439999999997
225.0	2821.7439999999997
226.0	2827.7439999999997
227.0	2833.7439999999997
228.0	2839.7439999999997
229.0	2845.7439999999997
230.0	2851.7439999999997
231.0	2857.7439999999997
232.0	2863.7439999999997
233.0	2869.7439999999997
234.0	2875.7439999999997
235.0	2881.7439999999997
236.0	2887.7439999999997
237.0	2893.7439999999997
238.0	2899.7439999999997
239.0	2905.7439999999997
240.0	2911.7439999999997
241.0	2917.7439999999997
242.0	2923.7439999999997
243.0	2929.7439999999997
244.0	2935.7439999999997
245.0	2941.7439999999997
246.0	2947.7439999999997
247.0	2953.7439999999997
248.0	2959.7439999999997
249.0	2965.7439999999997
250.0	2971.7439999999997
251.0	2977.7439999999997
252.0	2983.7439999999997
253.0	2989.7439999999997
254.0	2995.7439999999997
255.0	3001.7439999999997
256.0	3007.7439999999997
257.0	3013.7439999999997
258.0	3019.7439999999997
259.0	3025.7439999999997
260.0	3031.7439999999997
261.0	3037.7439999999997
262.0	3043.7439999999997
263.0	3049.7439999999997
264.0	3055.7439999999997
265.0	3061.7439999999997
266.0	3067.7439999999997
267.0	3073.7439999999997
268.0	3079.7439999999997
269.0	3085.7439999999997
270.0	3091.7439999999997
271.0	3097.7439999999997
272.0	3103.7439999999997
273.0	3109.7439999999997
274.0	3115.7439999999997
275.0	3121.7439999999997
276.0	3127.7439999999997
277.0	3133.7439999999997
278.0	3139.7439999999997
279.0	3145.7439999999997
280.0	3151.7439999999997
281.0	3157.7439999999997
282.0	3163.7439999999997
283.0	3169.7439999999997
284.0	3175.7439999999997
285.0	3181.7439999999997
286.0	3187.7439999999997
287.0	3193.7439999999997
288.0	3199.7439999999997
289.0	3205.7439999999997
290.0	3211.7439999999997
291.0	3217.7439999999997
292.0	3223.7439999999997
293.0	3229.7439999999997
294.0	3235.7439999999997
295.0	3241.7439999999997
296.0	3247.7439999999997
297.0	3253.7439999999997
298.0	3259.7439999999997
299.0	3265.7439999999997
300.0	3271.7439999999997
301.0	3277.7439999999997
302.0	3283.7439999999997
303.0	3289.7439999999997
304.0	3295.7439999999997
305.0	3301.7439999999997
306.0	3307.7439999999997
307.0	3313.7439999999997
308.0	3319.7439999999997
309.0	3325.7439999999997
310.0	3331.7439999999997
311.0	3337.7439999999997
312.0	3343.7439999999997
313.0	3349.7439999999997
314.0	3355.7439999999997
315.0	3361.7439999999997
316.0	3367.7439999999997
317.0	3373.7439999999997
318.0	3379.7439999999997
319.0	3385.7439999999997
320.0	3391.7439999999997
321.0	3397.7439999999997
322.0	3403.7439999999997
323.0	3409.7439999999997
324.0	3415.7439999999997
325.0	3421.7439999999997
326.0	3427.7439999999997
327.0	3433.7439999999997
328.0	3439.7439999999997
329.0	3445.7439999999997
330.0	3451.7439999999997
331.0	3457.7439999999997
332.0	3463.7439999999997
333.0	3469.7439999999997
334.0	3475.7439999999997
335.0	3481.7439999999997
336.0	3487.7439999999997
337.0	3493.7439999999997
338.0	3499.7439999999997
339.0	3505.7439999999997
340.0	3511.7439999999997
341.0	3517.7439999999997
342.0	3523.7439999999997
343.0	3529.7439999999997
344.0	3535.7439999999997
345.0	3541.7439999999997
346.0	3547.7439999999997
347.0	3553.7439999999997
348.0	3559.7439999999997
349.0	3565.7439999999997
350.0	3571.7439999999997
351.0	3577.7439999999997
352.0	3583.7439999999997
353.0	3589.7439999999997
354.0	3595.7439999999997
355.0	3601.7439999999997
356.0	3607.7439999999997
357.0	3613.7439999999997
358.0	3619.7439999999997
359.0	3625.7439999999997
360.0	3631.7439999999997
361.0	3637.7439999999997
362.0	3643.7439999999997
363.0	3649.7439999999997
364.0	3655.7439999999997
365.0	3661.7439999999997
366.0	3667.7439999999997
367.0	3673.7439999999997
368.0	3679.7439999999997
369.0	3685.7439999999997
370.0	3691.7439999999997
371.0	3697.7439999999997
372.0	3703.7439999999997
373.0	3709.7439999999997
374.0	3715.7439999999997
375.0	3721.7439999999997
376.0	3727.7439999999997
377.0	3733.7439999999997
378.0	3739.7439999999997
379.0	3745.7439999999997
380.0	3751.7439999999997
381.0	3757.7439999999997
382.0	3763.7439999999997
383.0	3769.7439999999997
384.0	3775.7439999999997
385.0	3781.7439999999997
386.0	3787.7439999999997
387.0	3793.7439999999997
388.0	3799.7439999999997
389.0	3805.7439999999997
390.0	3811.7439999999997
391.0	3817.7439999999997
392.0	3823.7439999999997
393.0	3829.7439999999997
394.0	3835.7439999999997
395.0	3841.7439999999997
396.0	3847.7439999999997
397.0	3853.7439999999997
398.0	3859.7439999999997
399.0	3865.7439999999997
400.0	3871.7439999999997
401.0	3877.7439999999997
402.0	3883.7439999999997
403.0	3889.7439999999997
404.0	3895.7439999999997
405.0	3901.7439999999997
406.0	3907.7439999999997
407.0	3913.7439999999997
408.0	3919.7439999999997
409.0	3925.7439999999997
410.0	3931.7439999999997
411.0	3937.7439999999997
412.0	3943.7439999999997
413.0	3949.7439999999997
414.0	3955.7439999999997
415.0	3961.7439999999997
416.0	3967.7439999999997
417.0	3973.7439999999997
418.0	3979.7439999999997
419.0	3985.7439999999997
420.0	3991.7439999999997
421.0	3997.7439999999997
422.0	4003.7439999999997
423.0	4009.7439999999997
424.0	4015.7439999999997
425.0	4021.7439999999997
426.0	4027.7439999999997
427.0	4033.7439999999997
428.0	4039.7439999999997
429.0	4045.7439999999997
430.0	4051.7439999999997
431.0	4057.7439999999997
432.0	4063.7439999999997
433.0	4069.7439999999997
434.0	4075.7439999999997
435.0	4081.7439999999997
436.0	4087.7439999999997
437.0	4093.7439999999997
438.0	4099.744
439.0	4105.744
440.0	4111.744
441.0	4117.744
442.0	4123.744
443.0	4129.744
444.0	4135.744
445.0	4141.744
446.0	4147.744
447.0	4153.744
448.0	4159.744
449.0	4165.744
450.0	4171.744
451.0	4177.744
452.0	4183.744
453.0	4189.744
454.0	4195.744
455.0	4201.744
456.0	4207.744
457.0	4213.744
458.0	4219.744
459.0	4225.744
460.0	4231.744
461.0	4237.744
462.0	4243.744
463.0	4249.744
464.0	4255.744
465.0	4261.744
466.0	4267.744
467.0	4273.744
468.0	4279.744
469.0	4285.744
470.0	4291.744
471.0	4297.744
472.0	4303.744
473.0	4309.744
474.0	4315.744
475.0	4321.744
476.0	4327.744
477.0	4333.744
478.0	4339.744
479.0	4345.744
480.0	4351.744
481.0	4357.744
482.0	4363.744
483.0	4369.744
484.0	4375.744
485.0	4381.744
486.0	4387.744
487.0	4393.744
488.0	4399.744
489.0	4405.744
490.0	4411.744
491.0	4417.744
492.0	4423.744
493.0	4429.744
494.0	4435.744
495.0	4441.744
496.0	4447.744
497.0	4453.744
498.0	4459.744
499.0	4465.744
500.0	4471.744
