-500.0	0.0
-499.0	0.0
-498.0	0.0
-497.0	0.0
-496.0	0.0
-495.0	0.0
-494.0	0.0
-493.0	0.0
-492.0	0.0
-491.0	0.0
-490.0	0.0
-489.0	0.0
-488.0	0.0
-487.0	0.0
-486.0	0.0
-485.0	0.0
-484.0	0.0
-483.0	0.0
-482.0	0.0
-481.0	0.0
-480.0	0.0
-479.0	0.0
-478.0	0.0
-477.0	0.0
-476.0	0.0
-475.0	0.0
-474.0	0.0
-473.0	0.0
-472.0	0.0
-471.0	0.0
-470.0	0.0
-469.0	0.0
-468.0	0.0
-467.0	0.0
-466.0	0.0
-465.0	0.0
-464.0	0.0
-463.0	0.0
-462.0	0.0
-461.0	0.0
-460.0	0.0
-459.0	0.0
-458.0	0.0
-457.0	0.0
-456.0	0.0
-455.0	0.0
-454.0	0.0
-453.0	0.0
-452.0	0.0
-451.0	0.0
-450.0	0.0
-449.0	0.0
-448.0	0.0
-447.0	0.0
-446.0	0.0
-445.0	0.0
-444.0	0.0
-443.0	0.0
-442.0	0.0
-441.0	0.0
-440.0	0.0
-439.0	0.0
-438.0	0.0
-437.0	0.0
-436.0	0.0
-435.0	0.0
-434.0	0.0
-433.0	0.0
-432.0	0.0
-431.0	0.0
-430.0	0.0
-429.0	0.0
-428.0	0.0
-427.0	0.0
-426.0	0.0
-425.0	0.0
-424.0	0.0
-423.0	0.0
-422.0	0.0
-421.0	0.0
-420.0	0.0
-419.0	0.0
-418.0	0.0
-417.0	0.0
-416.0	0.0
-415.0	0.0
-414.0	0.0
-413.0	0.0
-412.0	0.0
-411.0	0.0
-410.0	0.0
-409.0	0.0
-408.0	0.0
-407.0	0.0
-406.0	0.0
-405.0	0.0
-404.0	0.0
-403.0	0.0
-402.0	0.0
-401.0	0.0
-400.0	0.0
-399.0	0.0
-398.0	0.0
-397.0	0.0
-396.0	0.0
-395.0	0.0
-394.0	0.0
-393.0	0.0
-392.0	0.0
-391.0	0.0
-390.0	0.0
-389.0	0.0
-388.0	0.0
-387.0	0.0
-386.0	0.0
-385.0	0.0
-384.0	0.0
-383.0	0.0
-382.0	0.0
-381.0	0.0
-380.0	0.0
-379.0	0.0
-378.0	0.0
-377.0	0.0
-376.0	0.0
-375.0	0.0
-374.0	0.0
-373.0	0.0
-372.0	0.0
-371.0	0.0
-370.0	0.0
-369.0	0.0
-368.0	0.0
-367.0	0.0
-366.0	0.0
-365.0	0.0
-364.0	0.0
-363.0	0.0
-362.0	0.0
-361.0	0.0
-360.0	0.0
-359.0	0.0
-358.0	0.0
-357.0	0.0
-356.0	0.0
-355.0	0.0
-354.0	0.0
-353.0	0.0
-352.0	0.0
-351.0	0.0
-350.0	0.0
-349.0	0.0
-348.0	0.0
-347.0	0.0
-346.0	0.0
-345.0	0.0
-344.0	0.0
-343.0	0.0
-342.0	0.0
-341.0	0.0
-340.0	0.0
-339.0	0.0
-338.0	0.0
-337.0	0.0
-336.0	0.0
-335.0	0.0
-334.0	0.0
-333.0	0.0
-332.0	0.0
-331.0	0.0
-330.0	0.0
-329.0	0.0
-328.0	0.0
-327.0	0.0
-326.0	0.0
-325.0	0.0
-324.0	0.0
-323.0	0.0
-322.0	0.0
-321.0	0.0
-320.0	0.0
-319.0	0.0
-318.0	0.0
-317.0	0.0
-316.0	0.0
-315.0	0.0
-314.0	0.0
-313.0	0.0
-312.0	0.0
-311.0	0.0
-310.0	0.0
-309.0	0.0
-308.0	0.0
-307.0	0.0
-306.0	0.0
-305.0	0.0
-304.0	0.0
-303.0	0.0
-302.0	0.0
-301.0	0.0
-300.0	0.0
-299.0	0.0
-298.0	0.0
-297.0	0.0
-296.0	0.0
-295.0	0.0
-294.0	0.0
-293.0	0.0
-292.0	0.0
-291.0	0.0
-290.0	0.0
-289.0	0.0
-288.0	0.0
-287.0	0.0
-286.0	0.0
-285.0	0.0
-284.0	0.0
-283.0	0.0
-282.0	0.0
-281.0	0.0
-280.0	0.0
-279.0	0.0
-278.0	0.0
-277.0	0.0
-276.0	0.0
-275.0	0.0
-274.0	0.0
-273.0	0.0
-272.0	0.0
-271.0	0.0
-270.0	0.0
-269.0	0.0
-268.0	0.0
-267.0	0.0
-266.0	0.0
-265.0	0.0
-264.0	0.0
-263.0	0.0
-262.0	0.0
-261.0	0.0
-260.0	0.0
-259.0	0.0
-258.0	0.0
-257.0	0.0
-256.0	0.0
-255.0	0.0
-254.0	0.0
-253.0	0.0
-252.0	0.0
-251.0	0.0
-250.0	0.0
-249.0	0.0
-248.0	0.0
-247.0	0.0
-246.0	0.0
-245.0	0.0
-244.0	0.0
-243.0	0.0
-242.0	0.0
-241.0	0.0
-240.0	0.0
-239.0	0.0
-238.0	0.0
-237.0	0.0
-236.0	0.0
-235.0	0.0
-234.0	0.0
-233.0	0.0
-232.0	0.0
-231.0	0.0
-230.0	0.0
-229.0	0.0
-228.0	0.0
-227.0	0.0
-226.0	0.0
-225.0	0.0
-224.0	0.0
-223.0	0.0
-222.0	0.0
-221.0	0.0
-220.0	0.0
-219.0	0.0
-218.0	0.0
-217.0	0.0
-216.0	0.0
-215.0	0.0
-214.0	0.0
-213.0	0.0
-212.0	0.0
-211.0	0.0
-210.0	0.0
-209.0	0.0
-208.0	0.0
-207.0	0.0
-206.0	0.0
-205.0	0.0
-204.0	0.0
-203.0	0.0
-202.0	0.0
-201.0	0.0
-200.0	0.0
-199.0	0.0
-198.0	0.0
-197.0	0.0
-196.0	0.0
-195.0	0.0
-194.0	0.0
-193.0	0.0
-192.0	0.0
-191.0	0.0
-190.0	0.0
-189.0	0.0
-188.0	0.0
-187.0	0.0
-186.0	0.0
-185.0	0.0
-184.0	0.0
-183.0	0.0
-182.0	1.599999999999966
-181.0	4.0
-180.0	6.399999999999977
-179.0	8.800000000000011
-178.0	11.199999999999989
-177.0	13.599999999999966
-176.0	16.0
-175.0	18.399999999999977
-174.0	20.80000000000001
-173.0	23.19999999999999
-172.0	25.599999999999966
-171.0	28.0
-170.0	30.399999999999977
-169.0	32.80000000000001
-168.0	35.19999999999999
-167.0	37.599999999999966
-166.0	40.0
-165.0	42.39999999999998
-164.0	44.80000000000001
-163.0	47.19999999999999
-162.0	49.599999999999966
-161.0	52.0
-160.0	54.39999999999998
-159.0	56.80000000000001
-158.0	59.19999999999999
-157.0	61.599999999999966
-156.0	64.0
-155.0	66.39999999999998
-154.0	68.80000000000001
-153.0	71.19999999999999
-152.0	73.59999999999997
-151.0	76.0
-150.0	78.39999999999998
-149.0	80.80000000000001
-148.0	83.19999999999999
-147.0	85.59999999999997
-146.0	88.0
-145.0	90.39999999999998
-144.0	92.80000000000001
-143.0	95.19999999999999
-142.0	97.59999999999997
-141.0	100.0
-140.0	102.39999999999998
-139.0	104.80000000000001
-138.0	107.19999999999999
-137.0	109.59999999999997
-136.0	112.0
-135.0	114.39999999999998
-134.0	116.80000000000001
-133.0	119.19999999999999
-132.0	121.59999999999997
-131.0	124.0
-130.0	126.39999999999998
-129.0	128.8
-128.0	131.2
-127.0	133.59999999999997
-126.0	136.0
-125.0	138.39999999999998
-124.0	140.8
-123.0	143.2
-122.0	145.59999999999997
-121.0	148.0
-120.0	150.39999999999998
-119.0	152.8
-118.0	155.2
-117.0	157.59999999999997
-116.0	160.0
-115.0	162.39999999999998
-114.0	164.8
-113.0	167.2
-112.0	169.59999999999997
-111.0	172.0
-110.0	174.39999999999998
-109.0	176.8
-108.0	179.2
-107.0	181.59999999999997
-106.0	184.0
-105.0	186.39999999999998
-104.0	188.79999999999998
-103.0	191.2
-102.0	193.6
-101.0	196.0
-100.0	198.39999999999998
-99.0	201.39999999999998
-98.0	204.39999999999998
-97.0	207.39999999999998
-96.0	210.39999999999998
-95.0	213.39999999999998
-94.0	216.39999999999998
-93.0	219.39999999999998
-92.0	222.39999999999998
-91.0	225.39999999999998
-90.0	228.39999999999998
-89.0	231.39999999999998
-88.0	234.39999999999998
-87.0	237.39999999999998
-86.0	240.39999999999998
-85.0	243.39999999999998
-84.0	246.39999999999998
-83.0	249.39999999999998
-82.0	252.39999999999998
-81.0	255.39999999999998
-80.0	258.4
-79.0	261.4
-78.0	264.4
-77.0	267.4
-76.0	270.4
-75.0	273.4
-74.0	276.4
-73.0	279.4
-72.0	282.4
-71.0	285.4
-70.0	288.4
-69.0	291.4
-68.0	294.4
-67.0	297.4
-66.0	300.4
-65.0	303.4
-64.0	306.4
-63.0	309.4
-62.0	312.4
-61.0	315.4
-60.0	318.4
-59.0	321.4
-58.0	324.4
-57.0	327.4
-56.0	330.4
-55.0	333.4
-54.0	336.4
-53.0	339.4
-52.0	342.4
-51.0	345.4
-50.0	348.4
-49.0	351.4
-48.0	354.4
-47.0	357.4
-46.0	360.4
-45.0	363.4
-44.0	366.4
-43.0	369.4
-42.0	372.4
-41.0	375.4
-40.0	378.4
-39.0	381.4
-38.0	384.4
-37.0	387.4
-36.0	390.4
-35.0	393.4
-34.0	396.4
-33.0	399.4
-32.0	402.4
-31.0	405.4
-30.0	408.4
-29.0	411.4
-28.0	414.4
-27.0	417.4
-26.0	420.4
-25.0	423.4
-24.0	426.4
-23.0	429.4
-22.0	432.4
-21.0	435.4
-20.0	438.4
-19.0	441.4
-18.0	444.4
-17.0	447.4
-16.0	450.4
-15.0	453.4
-14.0	456.4
-13.0	459.4
-12.0	462.4
-11.0	465.4
-10.0	468.4
-9.0	471.4
-8.0	474.4
-7.0	477.4
-6.0	480.4
-5.0	483.4
-4.0	486.4
-3.0	489.4
-2.0	492.4
-1.0	495.4
0.0	498.4
1.0	502.4
2.0	506.4
3.0	510.4
4.0	514.4
5.0	518.4
6.0	522.4
7.0	526.4
8.0	530.4
9.0	534.4
10.0	538.4
11.0	542.4
12.0	546.4
13.0	550.4
14.0	554.4
15.0	558.4
16.0	562.4
17.0	566.4
18.0	570.4
19.0	574.4
20.0	578.4
21.0	582.4
22.0	586.4
23.0	590.4
24.0	594.4
25.0	598.4
26.0	602.4
27.0	606.4
28.0	610.4
29.0	614.4
30.0	618.4
31.0	622.4
32.0	626.4
33.0	630.4
34.0	634.4
35.0	638.4
36.0	642.4
37.0	646.4
38.0	650.4
39.0	654.4
40.0	658.4
41.0	662.4
42.0	666.4
43.0	670.4
44.0	674.4
45.0	678.4
46.0	682.4
47.0	686.4
48.0	690.4
49.0	694.4
50.0	698.4
51.0	702.4
52.0	706.4
53.0	710.4
54.0	714.4
55.0	718.4
56.0	722.4
57.0	726.4
58.0	730.4
59.0	734.4
60.0	738.4
61.0	742.4
62.0	746.4
63.0	750.4
64.0	754.4
65.0	758.4
66.0	762.4
67.0	766.4
68.0	770.4
69.0	774.4
70.0	778.4
71.0	782.4
72.0	786.4
73.0	790.4
74.0	794.4
75.0	798.4
76.0	802.4
77.0	806.4
78.0	810.4
79.0	814.4
80.0	818.4
81.0	822.4
82.0	826.4
83.0	830.4
84.0	834.4
85.0	838.4
86.0	842.4
87.0	846.4
88.0	850.4
89.0	854.4
90.0	858.4
91.0	862.4
92.0	866.4
93.0	870.4
94.0	874.4
95.0	878.4
96.0	882.4
97.0	886.4
98.0	890.4
99.0	894.4
100.0	898.4
101.0	902.4
102.0	906.4
103.0	910.4
104.0	914.4
105.0	918.4
106.0	922.4
107.0	926.4
108.0	930.4
109.0	934.4
110.0	938.4
111.0	942.4
112.0	946.4
113.0	950.4
114.0	954.4
115.0	958.4
116.0	962.4
117.0	966.4
118.0	970.4
119.0	974.4
120.0	978.4
121.0	982.4
122.0	986.4
123.0	990.4
124.0	994.4
125.0	998.4
126.0	1002.4
127.0	1006.4
128.0	1010.4
129.0	1014.4
130.0	1018.4
131.0	1022.4
132.0	1026.4
133.0	1030.4
134.0	1034.4
135.0	1038.4
136.0	1042.4
137.0	1046.4
138.0	1050.4
139.0	1054.4
140.0	1058.4
141.0	1062.4
142.0	1066.4
143.0	1070.4
144.0	1074.4
145.0	1078.4
146.0	1082.4
147.0	1086.4
148.0	1090.4
149.0	1094.4
150.0	1098.4
151.0	1102.4
152.0	1106.4
153.0	1110.4
154.0	1114.4
155.0	1118.4
156.0	1122.4
157.0	1126.4
158.0	1130.4
159.0	1134.4
160.0	1138.4
161.0	1142.4
162.0	1146.4
163.0	1150.4
164.0	1154.4
165.0	1158.4
166.0	1162.4
167.0	1166.4
168.0	1170.4
169.0	1174.4
170.0	1178.4
171.0	1182.4
172.0	1186.4
173.0	1190.4
174.0	1194.4
175.0	1198.4
176.0	1202.4
177.0	1206.4
178.0	1210.4
179.0	1214.4
180.0	1218.4
181.0	1222.4
182.0	1226.4
183.0	1230.4
184.0	1234.4
185.0	1238.4
186.0	1242.4
187.0	1246.4
188.0	1250.4
189.0	1254.4
190.0	1258.4
191.0	1262.4
192.0	1266.4
193.0	1270.4
194.0	1274.4
195.0	1278.4
196.0	1282.4
197.0	1286.4
198.0	1290.4
199.0	1294.4
200.0	1298.4
201.0	1302.4
202.0	1306.4
203.0	1310.4
204.0	1314.4
205.0	1318.4
206.0	1322.4
207.0	1326.4
208.0	1330.4
209.0	1334.4
210.0	1338.4
211.0	1342.4
212.0	1346.4
213.0	1350.4
214.0	1354.4
215.0	1358.4
216.0	1362.4
217.0	1366.4
218.0	1370.4
219.0	1374.4
220.0	1378.4
221.0	1382.4
222.0	1386.4
223.0	1390.4
224.0	1394.4
225.0	1398.4
226.0	1402.4
227.0	1406.4
228.0	1410.4
229.0	1414.4
230.0	1418.4
231.0	1422.4
232.0	1426.4
233.0	1430.4
234.0	1434.4
235.0	1438.4
236.0	1442.4
237.0	1446.4
238.0	1450.4
239.0	1454.4
240.0	1458.4
241.0	1462.4
242.0	1466.4
243.0	1470.4
244.0	1474.4
245.0	1478.4
246.0	1482.4
247.0	1486.4
248.0	1490.4
249.0	1494.4
250.0	1498.4
251.0	1502.4
252.0	1506.4
253.0	1510.4
254.0	1514.4
255.0	1518.4
256.0	1522.4
257.0	1526.4
258.0	1530.4
259.0	1534.4
260.0	1538.4
261.0	1542.4
262.0	1546.4
263.0	1550.4
264.0	1554.4
265.0	1558.4
266.0	1562.4
267.0	1566.4
268.0	1570.4
269.0	1574.4
270.0	1578.4
271.0	1582.4
272.0	1586.4
273.0	1590.4
274.0	1594.4
275.0	1598.4
276.0	1602.4
277.0	1606.4
278.0	1610.4
279.0	1614.4
280.0	1618.4
281.0	1622.4
282.0	1626.4
283.0	1630.4
284.0	1634.4
285.0	1638.4
286.0	1642.4
287.0	1646.4
288.0	1650.4
289.0	1654.4
290.0	1658.4
291.0	1662.4
292.0	1666.4
293.0	1670.4
294.0	1674.4
295.0	1678.4
296.0	1682.4
297.0	1686.4
298.0	1690.4
299.0	1694.4
300.0	1698.4
301.0	1702.4
302.0	1706.4
303.0	1710.4
304.0	1714.4
305.0	1718.4
306.0	1722.4
307.0	1726.4
308.0	1730.4
309.0	1734.4
310.0	1738.4
311.0	1742.4
312.0	1746.4
313.0	1750.4
314.0	1754.4
315.0	1758.4
316.0	1762.4
317.0	1766.4
318.0	1770.4
319.0	1774.4
320.0	1778.4
321.0	1782.4
322.0	1786.4
323.0	1790.4
324.0	1794.4
325.0	1798.4
326.0	1802.4
327.0	1806.4
328.0	1810.4
329.0	1814.4
330.0	1818.4
331.0	1822.4
332.0	1826.4
333.0	1830.4
334.0	1834.4
335.0	1838.4
336.0	1842.4
337.0	1846.4
338.0	1850.4
339.0	1854.4
340.0	1858.4
341.0	1862.4
342.0	1866.4
343.0	1870.4
344.0	1874.4
345.0	1878.4
346.0	1882.4
347.0	1886.4
348.0	1890.4
349.0	1894.4
350.0	1898.4
351.0	1902.4
352.0	1906.4
353.0	1910.4
354.0	1914.4
355.0	1918.4
356.0	1922.4
357.0	1926.4
358.0	1930.4
359.0	1934.4
360.0	1938.4
361.0	1942.4
362.0	1946.4
363.0	1950.4
364.0	1954.4
365.0	1958.4
366.0	1962.4
367.0	1966.4
368.0	1970.4
369.0	1974.4
370.0	1978.4
371.0	1982.4
372.0	1986.4
373.0	1990.4
374.0	1994.4
375.0	1998.4
376.0	2002.4
377.0	2006.4
378.0	2010.4
379.0	2014.4
380.0	2018.4
381.0	2022.4
382.0	2026.4
383.0	2030.4
384.0	2034.4
385.0	2038.4
386.0	2042.4
387.0	2046.4
388.0	2050.4
389.0	2054.4
390.0	2058.4
391.0	2062.4
392.0	2066.4
393.0	2070.4
394.0	2074.4
395.0	2078.4
396.0	2082.4
397.0	2086.4
398.0	2090.4
399.0	2094.4
400.0	2098.4
401.0	2102.4
402.0	2106.4
403.0	2110.4
404.0	2114.4
405.0	2118.4
406.0	2122.4
407.0	2126.4
408.0	2130.4
409.0	2134.4
410.0	2138.4
411.0	2142.4
412.0	2146.4
413.0	2150.4
414.0	2154.4
415.0	2158.4
416.0	2162.4
417.0	2166.4
418.0	2170.4
419.0	2174.4
420.0	2178.4
421.0	2182.4
422.0	2186.4
423.0	2190.4
424.0	2194.4
425.0	2198.4
426.0	2202.4
427.0	2206.4
428.0	2210.4
429.0	2214.4
430.0	2218.4
431.0	2222.4
432.0	2226.4
433.0	2230.4
434.0	2234.4
435.0	2238.4
436.0	2242.4
437.0	2246.4
438.0	2250.4
439.0	2254.4
440.0	2258.4
441.0	2262.4
442.0	2266.4
443.0	2270.4
444.0	2274.4
445.0	2278.4
446.0	2282.4
447.0	2286.4
448.0	2290.4
449.0	2294.4
450.0	2298.4
451.0	2302.4
452.0	2306.4
453.0	2310.4
454.0	2314.4
455.0	2318.4
456.0	2322.4
457.0	2326.4
458.0	2330.4
459.0	2334.4
460.0	2338.4
461.0	2342.4
462.0	2346.4
463.0	2350.4
464.0	2354.4
465.0	2358.4
466.0	2362.4
467.0	2366.4
468.0	2370.4
469.0	2374.4
470.0	2378.4
471.0	2382.4
472.0	2386.4
473.0	2390.4
474.0	2394.4
475.0	2398.4
476.0	2402.4
477.0	2406.4
478.0	2410.4
479.0	2414.4
480.0	2418.4
481.0	2422.4
482.0	2426.4
483.0	2430.4
484.0	2434.4
485.0	2438.4
486.0	2442.4
487.0	2446.4
488.0	2450.4
489.0	2454.4
490.0	2458.4
491.0	2462.4
492.0	2466.4
493.0	2470.4
494.0	2474.4
495.0	2478.4
496.0	2482.4
497.0	2486.4
498.0	2490.4
499.0	2494.4
500.0	2498.4
