-500.0	4.998635999999999
-499.0	5.002528999999999
-498.0	5.006422
-497.0	5.010314999999999
-496.0	5.014208
-495.0	5.018101
-494.0	5.021993999999999
-493.0	5.025886999999999
-492.0	5.02978
-491.0	5.033672999999999
-490.0	5.037566
-489.0	5.041459
-488.0	5.045351999999999
-487.0	5.049245
-486.0	5.053138
-485.0	5.057030999999999
-484.0	5.060924
-483.0	5.064817
-482.0	5.068709999999999
-481.0	5.072603
-480.0	5.076496
-479.0	5.080388999999999
-478.0	5.084282
-477.0	5.088175
-476.0	5.092067999999999
-475.0	5.095961
-474.0	5.099854
-473.0	5.103746999999999
-472.0	5.10764
-471.0	5.111533
-470.0	5.115425999999999
-469.0	5.119319
-468.0	5.123212
-467.0	5.127104999999999
-466.0	5.130998
-465.0	5.134891
-464.0	5.138783999999999
-463.0	5.142677
-462.0	5.14657
-461.0	5.150462999999999
-460.0	5.154356
-459.0	5.158249
-458.0	5.162141999999999
-457.0	5.166035
-456.0	5.169928
-455.0	5.173820999999999
-454.0	5.177714
-453.0	5.181607
-452.0	5.185499999999999
-451.0	5.189393
-450.0	5.193286
-449.0	5.197179
-448.0	5.201072
-447.0	5.204965
-446.0	5.208857999999999
-445.0	5.212751
-444.0	5.216644
-443.0	5.220537
-442.0	5.22443
-441.0	5.228323
-440.0	5.232215999999999
-439.0	5.236109
-438.0	5.240002
-437.0	5.243895
-436.0	5.247788
-435.0	5.251681
-434.0	5.255573999999999
-433.0	5.259467
-432.0	5.26336
-431.0	5.267253
-430.0	5.271146
-429.0	5.275039
-428.0	5.278931999999999
-427.0	5.282825
-426.0	5.286718
-425.0	5.290611
-424.0	5.294504
-423.0	5.298397
-422.0	5.302289999999999
-421.0	5.306183
-420.0	5.310076
-419.0	5.313969
-418.0	5.317862
-417.0	5.321755
-416.0	5.325647999999999
-415.0	5.329541
-414.0	5.333434
-413.0	5.337327
-412.0	5.34122
-411.0	5.345113
-410.0	5.349005999999999
-409.0	5.352899
-408.0	5.3567919999999996
-407.0	5.360685
-406.0	5.364578
-405.0	5.3684709999999995
-404.0	5.372363999999999
-403.0	5.376257
-402.0	5.3801499999999995
-401.0	5.384043
-400.0	5.387936
-399.0	5.3918289999999995
-398.0	5.395721999999999
-397.0	5.399615
-396.0	5.4035079999999995
-395.0	5.407401
-394.0	5.411294
-393.0	5.4151869999999995
-392.0	5.419079999999999
-391.0	5.422973
-390.0	5.4268659999999995
-389.0	5.430759
-388.0	5.434652
-387.0	5.4385449999999995
-386.0	5.442437999999999
-385.0	5.446331
-384.0	5.4502239999999995
-383.0	5.454117
-382.0	5.45801
-381.0	5.4619029999999995
-380.0	5.465795999999999
-379.0	5.469689
-378.0	5.4735819999999995
-377.0	5.477475
-376.0	5.481368
-375.0	5.4852609999999995
-374.0	5.489153999999999
-373.0	5.493047
-372.0	5.4969399999999995
-371.0	5.500833
-370.0	5.504726
-369.0	5.5086189999999995
-368.0	5.512511999999999
-367.0	5.516405
-366.0	5.5202979999999995
-365.0	5.524191
-364.0	5.528084
-363.0	5.5319769999999995
-362.0	5.535869999999999
-361.0	5.539763
-360.0	5.5436559999999995
-359.0	5.547549
-358.0	5.551442
-357.0	5.5553349999999995
-356.0	5.559227999999999
-355.0	5.563121
-354.0	5.5670139999999995
-353.0	5.570907
-352.0	5.5748
-351.0	5.5786929999999995
-350.0	5.582585999999999
-349.0	5.586479
-348.0	5.5903719999999995
-347.0	5.594265
-346.0	5.598158
-345.0	5.6020509999999994
-344.0	5.605943999999999
-343.0	5.609837
-342.0	5.613729999999999
-341.0	5.617623
-340.0	5.621516
-339.0	5.625408999999999
-338.0	5.629301999999999
-337.0	5.633195
-336.0	5.637087999999999
-335.0	5.640981
-334.0	5.644874
-333.0	5.648766999999999
-332.0	5.65266
-331.0	5.656553
-330.0	5.660445999999999
-329.0	5.664339
-328.0	5.668232
-327.0	5.672124999999999
-326.0	5.676018
-325.0	5.679911
-324.0	5.683803999999999
-323.0	5.687697
-322.0	5.69159
-321.0	5.695482999999999
-320.0	5.699376
-319.0	5.703269
-318.0	5.707161999999999
-317.0	5.711055
-316.0	5.714948
-315.0	5.718840999999999
-314.0	5.722734
-313.0	5.726627
-312.0	5.730519999999999
-311.0	5.734413
-310.0	5.738306
-309.0	5.742198999999999
-308.0	5.746092
-307.0	5.749985
-306.0	5.753877999999999
-305.0	5.757771
-304.0	5.761664
-303.0	5.765556999999999
-302.0	5.76945
-301.0	-208.27095900000018
-300.0	-203.653818
-299.0	-199.03667700000005
-298.0	-194.4195360000001
-297.0	-189.80239500000016
-296.0	-185.185254
-295.0	-180.56811300000004
-294.0	-175.9509720000001
-293.0	-171.33383100000015
-292.0	-166.71668999999997
-291.0	-162.09954900000002
-290.0	-157.48240800000008
-289.0	-152.86526700000013
-288.0	-148.24812600000018
-287.0	-143.630985
-286.0	-139.01384400000006
-285.0	-134.39670300000012
-284.0	-129.77956200000017
-283.0	-125.162421
-282.0	-120.54528000000005
-281.0	-115.9281390000001
-280.0	-111.31099800000015
-279.0	-106.69385699999998
-278.0	-102.07671600000003
-277.0	-97.45957500000009
-276.0	-92.84243400000014
-275.0	-88.22529299999997
-274.0	-83.60815200000002
-273.0	-78.99101100000007
-272.0	-74.37387000000012
-271.0	-69.75672900000018
-270.0	-65.139588
-269.0	-60.52244700000006
-268.0	-55.90530600000011
-267.0	-51.28816500000016
-266.0	-46.67102399999999
-265.0	-42.05388300000004
-264.0	-37.436742000000095
-263.0	-32.81960100000015
-262.0	-28.202459999999974
-261.0	-23.585319000000027
-260.0	-18.96817800000008
-259.0	-14.351037000000133
-258.0	-9.733895999999959
-257.0	-5.116755000000012
-256.0	-0.49961400000006506
-255.0	4.117526999999882
-254.0	8.734667999999829
-253.0	13.351809000000003
-252.0	17.96894999999995
-251.0	22.586090999999897
-250.0	27.203231999999844
-249.0	31.820373000000018
-248.0	36.437513999999965
-247.0	41.05465499999991
-246.0	45.67179599999986
-245.0	50.28893700000003
-244.0	54.90607799999998
-243.0	59.523218999999926
-242.0	64.14035999999987
-241.0	68.75750100000005
-240.0	73.374642
-239.0	77.99178299999994
-238.0	82.60892399999989
-237.0	87.22606499999983
-236.0	91.84320600000001
-235.0	96.46034699999996
-234.0	101.0774879999999
-233.0	105.69462899999985
-232.0	110.31177000000002
-231.0	114.92891099999997
-230.0	119.54605199999992
-229.0	124.16319299999986
-228.0	128.78033400000004
-227.0	133.397475
-226.0	138.01461599999993
-225.0	142.63175699999988
-224.0	147.24889800000005
-223.0	151.866039
-222.0	156.48317999999995
-221.0	161.1003209999999
-220.0	165.71746199999995
-219.0	170.3346029999999
-218.0	174.95174399999996
-217.0	179.5688849999999
-216.0	184.18602599999997
-215.0	188.80316699999992
-214.0	193.42030799999998
-213.0	198.03744899999992
-212.0	202.65458999999998
-211.0	207.27173099999993
-210.0	211.888872
-209.0	216.50601299999994
-208.0	221.1231539999999
-207.0	225.74029499999995
-206.0	230.3574359999999
-205.0	234.97457699999995
-204.0	239.5917179999999
-203.0	244.20885899999996
-202.0	248.8259999999999
-201.0	253.44314099999997
-200.0	258.0602819999999
-199.0	262.677423
-198.0	267.2945639999999
-197.0	271.911705
-196.0	276.52884599999993
-195.0	281.145987
-194.0	285.76312799999994
-193.0	290.380269
-192.0	294.99740999999995
-191.0	299.6145509999999
-190.0	304.23169199999995
-189.0	308.8488329999999
-188.0	313.46597399999996
-187.0	318.0831149999999
-186.0	322.70025599999997
-185.0	327.3173969999999
-184.0	331.934538
-183.0	336.5516789999999
-182.0	341.16882
-181.0	345.78596099999993
-180.0	350.403102
-179.0	355.02024299999994
-178.0	359.637384
-177.0	364.25452499999994
-176.0	368.871666
-175.0	373.48880699999995
-174.0	378.1059479999999
-173.0	382.72308899999996
-172.0	387.3402299999999
-171.0	391.95737099999997
-170.0	396.5745119999999
-169.0	401.191653
-168.0	405.8087939999999
-167.0	410.425935
-166.0	415.0430759999999
-165.0	419.660217
-164.0	424.27735799999994
-163.0	428.894499
-162.0	433.51163999999994
-161.0	438.128781
-160.0	442.74592199999995
-159.0	447.3630629999999
-158.0	451.98020399999996
-157.0	456.5973449999999
-156.0	461.21448599999997
-155.0	465.8316269999999
-154.0	470.448768
-153.0	475.0659089999999
-152.0	479.68305
-151.0	484.3001909999999
-150.0	488.917332
-149.0	493.53447299999993
-148.0	498.151614
-147.0	502.76875499999994
-146.0	507.385896
-145.0	512.003037
-144.0	516.6201779999999
-143.0	521.237319
-142.0	525.8544599999999
-141.0	530.471601
-140.0	535.0887419999999
-139.0	539.705883
-138.0	544.3230239999999
-137.0	548.940165
-136.0	553.5573059999999
-135.0	558.174447
-134.0	562.7915879999999
-133.0	567.408729
-132.0	572.0258699999999
-131.0	576.643011
-130.0	581.260152
-129.0	585.877293
-128.0	590.494434
-127.0	595.1115749999999
-126.0	599.728716
-125.0	604.3458569999999
-124.0	608.962998
-123.0	613.5801389999999
-122.0	618.19728
-121.0	622.8144209999999
-120.0	627.431562
-119.0	632.0487029999999
-118.0	636.665844
-117.0	641.2829849999999
-116.0	645.900126
-115.0	650.517267
-114.0	655.134408
-113.0	659.751549
-112.0	664.36869
-111.0	668.985831
-110.0	673.6029719999999
-109.0	678.220113
-108.0	682.837254
-107.0	687.454395
-106.0	692.0715359999999
-105.0	696.688677
-104.0	701.3058179999999
-103.0	705.922959
-102.0	710.5400999999999
-101.0	715.1572409999999
-100.0	719.774382
-99.0	724.391523
-98.0	729.008664
-97.0	733.6258049999999
-96.0	738.242946
-95.0	742.860087
-94.0	747.477228
-93.0	752.0943689999999
-92.0	756.71151
-91.0	761.328651
-90.0	765.945792
-89.0	770.5629329999999
-88.0	775.180074
-87.0	779.7972149999999
-86.0	784.414356
-85.0	789.031497
-84.0	793.6486379999999
-83.0	798.265779
-82.0	802.88292
-81.0	807.500061
-80.0	812.1172019999999
-79.0	816.734343
-78.0	821.351484
-77.0	825.968625
-76.0	830.5857659999999
-75.0	835.202907
-74.0	839.820048
-73.0	844.437189
-72.0	849.0543299999999
-71.0	853.6714709999999
-70.0	858.288612
-69.0	862.905753
-68.0	867.522894
-67.0	872.1400349999999
-66.0	876.757176
-65.0	881.374317
-64.0	885.991458
-63.0	890.6085989999999
-62.0	895.22574
-61.0	899.842881
-60.0	904.460022
-59.0	909.0771629999999
-58.0	913.694304
-57.0	918.311445
-56.0	922.928586
-55.0	927.5457269999999
-54.0	932.162868
-53.0	936.780009
-52.0	941.39715
-51.0	946.014291
-50.0	950.6314319999999
-49.0	955.248573
-48.0	959.865714
-47.0	964.482855
-46.0	969.0999959999999
-45.0	973.717137
-44.0	978.334278
-43.0	982.951419
-42.0	987.5685599999999
-41.0	992.185701
-40.0	996.8028419999999
-39.0	1001.419983
-38.0	1006.037124
-37.0	1010.654265
-36.0	1015.271406
-35.0	1019.888547
-34.0	1024.505688
-33.0	1029.122829
-32.0	1033.73997
-31.0	1038.357111
-30.0	1042.974252
-29.0	1047.591393
-28.0	1052.2085339999999
-27.0	1056.825675
-26.0	1061.442816
-25.0	1066.059957
-24.0	1070.677098
-23.0	1075.294239
-22.0	1079.91138
-21.0	1084.528521
-20.0	1089.145662
-19.0	1093.762803
-18.0	1098.379944
-17.0	1102.997085
-16.0	1107.614226
-15.0	1112.2313669999999
-14.0	1116.848508
-13.0	1121.465649
-12.0	1126.08279
-11.0	1130.6999309999999
-10.0	1135.317072
-9.0	1139.934213
-8.0	1144.551354
-7.0	1149.168495
-6.0	1153.785636
-5.0	1158.402777
-4.0	1163.019918
-3.0	1167.637059
-2.0	1172.2542
-1.0	1176.871341
0.0	1181.488482
1.0	1301.5
2.0	1307.5
3.0	1313.5
4.0	1319.5
5.0	1325.5
6.0	1331.5
7.0	1337.5
8.0	1343.5
9.0	1349.5
10.0	1355.5
11.0	1361.5
12.0	1367.5
13.0	1373.5
14.0	1379.5
15.0	1385.5
16.0	1391.5
17.0	1397.5
18.0	1403.5
19.0	1409.5
20.0	1415.5
21.0	1421.5
22.0	1427.5
23.0	1433.5
24.0	1439.5
25.0	1445.5
26.0	1451.5
27.0	1457.5
28.0	1463.5
29.0	1469.5
30.0	1475.5
31.0	1481.5
32.0	1487.5
33.0	1493.5
34.0	1499.5
35.0	1505.5
36.0	1511.5
37.0	1517.5
38.0	1523.5
39.0	1529.5
40.0	1535.5
41.0	1541.5
42.0	1547.5
43.0	1553.5
44.0	1559.5
45.0	1565.5
46.0	1571.5
47.0	1577.5
48.0	1583.5
49.0	1589.5
50.0	1595.5
51.0	1601.5
52.0	1607.5
53.0	1613.5
54.0	1619.5
55.0	1625.5
56.0	1631.5
57.0	1637.5
58.0	1643.5
59.0	1649.5
60.0	1655.5
61.0	1661.5
62.0	1667.5
63.0	1673.5
64.0	1679.5
65.0	1685.5
66.0	1691.5
67.0	1697.5
68.0	1703.5
69.0	1709.5
70.0	1715.5
71.0	1721.5
72.0	1727.5
73.0	1733.5
74.0	1739.5
75.0	1745.5
76.0	1751.5
77.0	1757.5
78.0	1763.5
79.0	1769.5
80.0	1775.5
81.0	1781.5
82.0	1787.5
83.0	1793.5
84.0	1799.5
85.0	1805.5
86.0	1811.5
87.0	1817.5
88.0	1823.5
89.0	1829.5
90.0	1835.5
91.0	1841.5
92.0	1847.5
93.0	1853.5
94.0	1859.5
95.0	1865.5
96.0	1871.5
97.0	1877.5
98.0	1883.5
99.0	1889.5
100.0	1895.5
101.0	1901.5
102.0	1907.5
103.0	1913.5
104.0	1919.5
105.0	1925.5
106.0	1931.5
107.0	1937.5
108.0	1943.5
109.0	1949.5
110.0	1955.5
111.0	1961.5
112.0	1967.5
113.0	1973.5
114.0	1979.5
115.0	1985.5
116.0	1991.5
117.0	1997.5
118.0	2003.5
119.0	2009.5
120.0	2015.5
121.0	2021.5
122.0	2027.5
123.0	2033.5
124.0	2039.5
125.0	2045.5
126.0	2051.5
127.0	2057.5
128.0	2063.5
129.0	2069.5
130.0	2075.5
131.0	2081.5
132.0	2087.5
133.0	2093.5
134.0	2099.5
135.0	2105.5
136.0	2111.5
137.0	2117.5
138.0	2123.5
139.0	2129.5
140.0	2135.5
141.0	2141.5
142.0	2147.5
143.0	2153.5
144.0	2159.5
145.0	2165.5
146.0	2171.5
147.0	2177.5
148.0	2183.5
149.0	2189.5
150.0	2195.5
151.0	2201.5
152.0	2207.5
153.0	2213.5
154.0	2219.5
155.0	2225.5
156.0	2231.5
157.0	2237.5
158.0	2243.5
159.0	2249.5
160.0	2255.5
161.0	2261.5
162.0	2267.5
163.0	2273.5
164.0	2279.5
165.0	2285.5
166.0	2291.5
167.0	2297.5
168.0	2303.5
169.0	2309.5
170.0	2315.5
171.0	2321.5
172.0	2327.5
173.0	2333.5
174.0	2339.5
175.0	2345.5
176.0	2351.5
177.0	2357.5
178.0	2363.5
179.0	2369.5
180.0	2375.5
181.0	2381.5
182.0	2387.5
183.0	2393.5
184.0	2399.5
185.0	2405.5
186.0	2411.5
187.0	2417.5
188.0	2423.5
189.0	2429.5
190.0	2435.5
191.0	2441.5
192.0	2447.5
193.0	2453.5
194.0	2459.5
195.0	2465.5
196.0	2471.5
197.0	2477.5
198.0	2483.5
199.0	2489.5
200.0	2495.5
201.0	2501.5
202.0	2507.5
203.0	2513.5
204.0	2519.5
205.0	2525.5
206.0	2531.5
207.0	2537.5
208.0	2543.5
209.0	2549.5
210.0	2555.5
211.0	2561.5
212.0	2567.5
213.0	2573.5
214.0	2579.5
215.0	2585.5
216.0	2591.5
217.0	2597.5
218.0	2603.5
219.0	2609.5
220.0	2615.5
221.0	2621.5
222.0	2627.5
223.0	2633.5
224.0	2639.5
225.0	2645.5
226.0	2651.5
227.0	2657.5
228.0	2663.5
229.0	2669.5
230.0	2675.5
231.0	2681.5
232.0	2687.5
233.0	2693.5
234.0	2699.5
235.0	2705.5
236.0	2711.5
237.0	2717.5
238.0	2723.5
239.0	2729.5
240.0	2735.5
241.0	2741.5
242.0	2747.5
243.0	2753.5
244.0	2759.5
245.0	2765.5
246.0	2771.5
247.0	2777.5
248.0	2783.5
249.0	2789.5
250.0	2795.5
251.0	2801.5
252.0	2807.5
253.0	2813.5
254.0	2819.5
255.0	2825.5
256.0	2831.5
257.0	2837.5
258.0	2843.5
259.0	2849.5
260.0	2855.5
261.0	2861.5
262.0	2867.5
263.0	2873.5
264.0	2879.5
265.0	2885.5
266.0	2891.5
267.0	2897.5
268.0	2903.5
269.0	2909.5
270.0	2915.5
271.0	2921.5
272.0	2927.5
273.0	2933.5
274.0	2939.5
275.0	2945.5
276.0	2951.5
277.0	2957.5
278.0	2963.5
279.0	2969.5
280.0	2975.5
281.0	2981.5
282.0	2987.5
283.0	2993.5
284.0	2999.5
285.0	3005.5
286.0	3011.5
287.0	3017.5
288.0	3023.5
289.0	3029.5
290.0	3035.5
291.0	3041.5
292.0	3047.5
293.0	3053.5
294.0	3059.5
295.0	3065.5
296.0	3071.5
297.0	3077.5
298.0	3083.5
299.0	3089.5
300.0	3095.5
301.0	3101.5
302.0	3107.5
303.0	3113.5
304.0	3119.5
305.0	3125.5
306.0	3131.5
307.0	3137.5
308.0	3143.5
309.0	3149.5
310.0	3155.5
311.0	3161.5
312.0	3167.5
313.0	3173.5
314.0	3179.5
315.0	3185.5
316.0	3191.5
317.0	3197.5
318.0	3203.5
319.0	3209.5
320.0	3215.5
321.0	3221.5
322.0	3227.5
323.0	3233.5
324.0	3239.5
325.0	3245.5
326.0	3251.5
327.0	3257.5
328.0	3263.5
329.0	3269.5
330.0	3275.5
331.0	3281.5
332.0	3287.5
333.0	3293.5
334.0	3299.5
335.0	3305.5
336.0	3311.5
337.0	3317.5
338.0	3323.5
339.0	3329.5
340.0	3335.5
341.0	3341.5
342.0	3347.5
343.0	3353.5
344.0	3359.5
345.0	3365.5
346.0	3371.5
347.0	3377.5
348.0	3383.5
349.0	3389.5
350.0	3395.5
351.0	3401.5
352.0	3407.5
353.0	3413.5
354.0	3419.5
355.0	3425.5
356.0	3431.5
357.0	3437.5
358.0	3443.5
359.0	3449.5
360.0	3455.5
361.0	3461.5
362.0	3467.5
363.0	3473.5
364.0	3479.5
365.0	3485.5
366.0	3491.5
367.0	3497.5
368.0	3503.5
369.0	3509.5
370.0	3515.5
371.0	3521.5
372.0	3527.5
373.0	3533.5
374.0	3539.5
375.0	3545.5
376.0	3551.5
377.0	3557.5
378.0	3563.5
379.0	3569.5
380.0	3575.5
381.0	3581.5
382.0	3587.5
383.0	3593.5
384.0	3599.5
385.0	3605.5
386.0	3611.5
387.0	3617.5
388.0	3623.5
389.0	3629.5
390.0	3635.5
391.0	3641.5
392.0	3647.5
393.0	3653.5
394.0	3659.5
395.0	3665.5
396.0	3671.5
397.0	3677.5
398.0	3683.5
399.0	3689.5
400.0	3695.5
401.0	3701.5
402.0	3707.5
403.0	3713.5
404.0	3719.5
405.0	3725.5
406.0	3731.5
407.0	3737.5
408.0	3743.5
409.0	3749.5
410.0	3755.5
411.0	3761.5
412.0	3767.5
413.0	3773.5
414.0	3779.5
415.0	3785.5
416.0	3791.5
417.0	3797.5
418.0	3803.5
419.0	3809.5
420.0	3815.5
421.0	3821.5
422.0	3827.5
423.0	3833.5
424.0	3839.5
425.0	3845.5
426.0	3851.5
427.0	3857.5
428.0	3863.5
429.0	3869.5
430.0	3875.5
431.0	3881.5
432.0	3887.5
433.0	3893.5
434.0	3899.5
435.0	3905.5
436.0	3911.5
437.0	3917.5
438.0	3923.5
439.0	3929.5
440.0	3935.5
441.0	3941.5
442.0	3947.5
443.0	3953.5
444.0	3959.5
445.0	3965.5
446.0	3971.5
447.0	3977.5
448.0	3983.5
449.0	3989.5
450.0	3995.5
451.0	4001.5
452.0	4007.5
453.0	4013.5
454.0	4019.5
455.0	4025.5
456.0	4031.5
457.0	4037.5
458.0	4043.5
459.0	4049.5
460.0	4055.5
461.0	4061.5
462.0	4067.5
463.0	4073.5
464.0	4079.5
465.0	4085.5
466.0	4091.5
467.0	4097.5
468.0	4103.5
469.0	4109.5
470.0	4115.5
471.0	4121.5
472.0	4127.5
473.0	4133.5
474.0	4139.5
475.0	4145.5
476.0	4151.5
477.0	4157.5
478.0	4163.5
479.0	4169.5
480.0	4175.5
481.0	4181.5
482.0	4187.5
483.0	4193.5
484.0	4199.5
485.0	4205.5
486.0	4211.5
487.0	4217.5
488.0	4223.5
489.0	4229.5
490.0	4235.5
491.0	4241.5
492.0	4247.5
493.0	4253.5
494.0	4259.5
495.0	4265.5
496.0	4271.5
497.0	4277.5
498.0	4283.5
499.0	4289.5
500.0	4295.5
