0.2	0.2	0.0
0.4	0.2	0.0
0.6	0.2	0.0
0.8	0.2	0.0
1.0	0.2	0.0
1.2	0.2	0.0
1.4000001	0.2	0.0
1.6000001	0.2	0.0
1.8000002	0.2	0.0
2.0000002	0.2	0.0
2.2000003	0.2	0.0
2.4000003	0.2	0.0
2.6000004	0.2	0.0
2.8000004	0.2	0.0
3.0000005	0.2	0.0
3.2000005	0.2	0.0
3.4000006	0.2	0.0
3.6000006	0.2	0.0
3.8000007	0.2	0.0
4.0000005	0.2	0.0
4.2000003	0.2	0.0
4.4	0.2	0.0
4.6	0.2	0.0
4.7999997	0.2	0.0
4.9999995	0.2	0.0
5.1999993	0.2	0.0
5.399999	0.2	0.0
5.599999	0.2	0.0
5.7999988	0.2	0.0
5.9999986	0.2	0.0
6.1999984	0.2	0.0
6.399998	0.2	0.0
6.599998	0.2	0.0
6.799998	0.2	0.0
6.9999976	0.2	0.0
7.1999974	0.2	0.0
7.399997	0.2	0.0
7.599997	0.2	0.0
7.799997	0.2	0.0
7.9999967	0.2	0.0
8.199997	0.2	0.0
8.399997	0.2	0.0
8.599997	0.2	0.0
8.799996	0.2	0.0
8.999996	0.2	0.0
9.199996	0.2	0.0
9.399996	0.2	0.0
9.599996	0.2	0.0
9.799995	0.2	0.0
9.999995	0.2	0.0
0.2	0.4	0.0
0.4	0.4	0.0
0.6	0.4	0.0
0.8	0.4	0.0
1.0	0.4	0.0
1.2	0.4	0.0
1.4000001	0.4	0.0
1.6000001	0.4	0.0
1.8000002	0.4	0.0
2.0000002	0.4	0.0
2.2000003	0.4	0.0
2.4000003	0.4	0.0
2.6000004	0.4	0.0
2.8000004	0.4	0.0
3.0000005	0.4	0.0
3.2000005	0.4	0.0
3.4000006	0.4	0.0
3.6000006	0.4	0.0
3.8000007	0.4	0.0
4.0000005	0.4	0.0
4.2000003	0.4	0.0
4.4	0.4	0.0
4.6	0.4	0.0
4.7999997	0.4	0.0
4.9999995	0.4	0.0
5.1999993	0.4	0.0
5.399999	0.4	0.0
5.599999	0.4	0.0
5.7999988	0.4	0.0
5.9999986	0.4	0.0
6.1999984	0.4	0.0
6.399998	0.4	0.0
6.599998	0.4	0.0
6.799998	0.4	0.0
6.9999976	0.4	0.0
7.1999974	0.4	0.0
7.399997	0.4	0.0
7.599997	0.4	0.0
7.799997	0.4	0.0
7.9999967	0.4	0.0
8.199997	0.4	0.0
8.399997	0.4	0.0
8.599997	0.4	0.0
8.799996	0.4	0.0
8.999996	0.4	0.0
9.199996	0.4	0.0
9.399996	0.4	0.0
9.599996	0.4	0.0
9.799995	0.4	0.0
9.999995	0.4	0.0
0.2	0.6	0.0
0.4	0.6	0.0
0.6	0.6	0.0
0.8	0.6	0.0
1.0	0.6	0.0
1.2	0.6	0.0
1.4000001	0.6	0.0
1.6000001	0.6	0.0
1.8000002	0.6	0.0
2.0000002	0.6	0.0
2.2000003	0.6	0.0
2.4000003	0.6	0.0
2.6000004	0.6	0.0
2.8000004	0.6	0.0
3.0000005	0.6	0.0
3.2000005	0.6	0.0
3.4000006	0.6	0.0
3.6000006	0.6	0.0
3.8000007	0.6	0.0
4.0000005	0.6	0.0
4.2000003	0.6	0.0
4.4	0.6	0.0
4.6	0.6	0.0
4.7999997	0.6	0.0
4.9999995	0.6	0.0
5.1999993	0.6	0.0
5.399999	0.6	0.0
5.599999	0.6	0.0
5.7999988	0.6	0.0
5.9999986	0.6	0.0
6.1999984	0.6	0.0
6.399998	0.6	0.0
6.599998	0.6	0.0
6.799998	0.6	0.0
6.9999976	0.6	0.0
7.1999974	0.6	0.0
7.399997	0.6	0.0
7.599997	0.6	0.0
7.799997	0.6	0.0
7.9999967	0.6	0.0
8.199997	0.6	0.0
8.399997	0.6	0.0
8.599997	0.6	0.0
8.799996	0.6	0.0
8.999996	0.6	0.0
9.199996	0.6	0.0
9.399996	0.6	0.0
9.599996	0.6	0.0
9.799995	0.6	0.0
9.999995	0.6	0.0
0.2	0.8	-100.0
0.4	0.8	0.0
0.6	0.8	0.0
0.8	0.8	0.0
1.0	0.8	0.0
1.2	0.8	0.0
1.4000001	0.8	0.0
1.6000001	0.8	0.0
1.8000002	0.8	0.0
2.0000002	0.8	0.0
2.2000003	0.8	0.0
2.4000003	0.8	0.0
2.6000004	0.8	0.0
2.8000004	0.8	0.0
3.0000005	0.8	0.0
3.2000005	0.8	0.0
3.4000006	0.8	0.0
3.6000006	0.8	0.0
3.8000007	0.8	0.0
4.0000005	0.8	0.0
4.2000003	0.8	0.0
4.4	0.8	0.0
4.6	0.8	0.0
4.7999997	0.8	0.0
4.9999995	0.8	0.0
5.1999993	0.8	0.0
5.399999	0.8	0.0
5.599999	0.8	0.0
5.7999988	0.8	0.0
5.9999986	0.8	0.0
6.1999984	0.8	0.0
6.399998	0.8	0.0
6.599998	0.8	0.0
6.799998	0.8	0.0
6.9999976	0.8	0.0
7.1999974	0.8	0.0
7.399997	0.8	0.0
7.599997	0.8	0.0
7.799997	0.8	0.0
7.9999967	0.8	0.0
8.199997	0.8	0.0
8.399997	0.8	0.0
8.599997	0.8	0.0
8.799996	0.8	0.0
8.999996	0.8	0.0
9.199996	0.8	0.0
9.399996	0.8	0.0
9.599996	0.8	0.0
9.799995	0.8	0.0
9.999995	0.8	0.0
0.2	1.0	-100.0
0.4	1.0	-100.0
0.6	1.0	0.0
0.8	1.0	0.0
1.0	1.0	0.0
1.2	1.0	0.0
1.4000001	1.0	0.0
1.6000001	1.0	0.0
1.8000002	1.0	0.0
2.0000002	1.0	0.0
2.2000003	1.0	0.0
2.4000003	1.0	0.0
2.6000004	1.0	0.0
2.8000004	1.0	0.0
3.0000005	1.0	0.0
3.2000005	1.0	0.0
3.4000006	1.0	0.0
3.6000006	1.0	0.0
3.8000007	1.0	0.0
4.0000005	1.0	0.0
4.2000003	1.0	0.0
4.4	1.0	0.0
4.6	1.0	0.0
4.7999997	1.0	0.0
4.9999995	1.0	0.0
5.1999993	1.0	0.0
5.399999	1.0	0.0
5.599999	1.0	0.0
5.7999988	1.0	0.0
5.9999986	1.0	0.0
6.1999984	1.0	0.0
6.399998	1.0	0.0
6.599998	1.0	0.0
6.799998	1.0	0.0
6.9999976	1.0	0.0
7.1999974	1.0	0.0
7.399997	1.0	0.0
7.599997	1.0	0.0
7.799997	1.0	0.0
7.9999967	1.0	0.0
8.199997	1.0	0.0
8.399997	1.0	0.0
8.599997	1.0	0.0
8.799996	1.0	0.0
8.999996	1.0	0.0
9.199996	1.0	0.0
9.399996	1.0	0.0
9.599996	1.0	0.0
9.799995	1.0	0.0
9.999995	1.0	0.0
0.2	1.2	-190.0
0.4	1.2	-100.0
0.6	1.2	-100.0
0.8	1.2	0.0
1.0	1.2	0.0
1.2	1.2	0.0
1.4000001	1.2	0.0
1.6000001	1.2	0.0
1.8000002	1.2	0.0
2.0000002	1.2	0.0
2.2000003	1.2	0.0
2.4000003	1.2	0.0
2.6000004	1.2	0.0
2.8000004	1.2	0.0
3.0000005	1.2	0.0
3.2000005	1.2	0.0
3.4000006	1.2	0.0
3.6000006	1.2	0.0
3.8000007	1.2	0.0
4.0000005	1.2	0.0
4.2000003	1.2	0.0
4.4	1.2	0.0
4.6	1.2	0.0
4.7999997	1.2	0.0
4.9999995	1.2	0.0
5.1999993	1.2	0.0
5.399999	1.2	0.0
5.599999	1.2	0.0
5.7999988	1.2	0.0
5.9999986	1.2	0.0
6.1999984	1.2	0.0
6.399998	1.2	0.0
6.599998	1.2	0.0
6.799998	1.2	0.0
6.9999976	1.2	0.0
7.1999974	1.2	0.0
7.399997	1.2	0.0
7.599997	1.2	0.0
7.799997	1.2	0.0
7.9999967	1.2	0.0
8.199997	1.2	0.0
8.399997	1.2	0.0
8.599997	1.2	0.0
8.799996	1.2	0.0
8.999996	1.2	0.0
9.199996	1.2	0.0
9.399996	1.2	0.0
9.599996	1.2	0.0
9.799995	1.2	0.0
9.999995	1.2	0.0
0.2	1.4000001	-190.0
0.4	1.4000001	-190.0
0.6	1.4000001	-100.0
0.8	1.4000001	-100.0
1.0	1.4000001	0.0
1.2	1.4000001	0.0
1.4000001	1.4000001	0.0
1.6000001	1.4000001	0.0
1.8000002	1.4000001	0.0
2.0000002	1.4000001	0.0
2.2000003	1.4000001	0.0
2.4000003	1.4000001	0.0
2.6000004	1.4000001	0.0
2.8000004	1.4000001	0.0
3.0000005	1.4000001	0.0
3.2000005	1.4000001	0.0
3.4000006	1.4000001	0.0
3.6000006	1.4000001	0.0
3.8000007	1.4000001	0.0
4.0000005	1.4000001	0.0
4.2000003	1.4000001	0.0
4.4	1.4000001	0.0
4.6	1.4000001	0.0
4.7999997	1.4000001	0.0
4.9999995	1.4000001	0.0
5.1999993	1.4000001	0.0
5.399999	1.4000001	0.0
5.599999	1.4000001	0.0
5.7999988	1.4000001	0.0
5.9999986	1.4000001	0.0
6.1999984	1.4000001	0.0
6.399998	1.4000001	0.0
6.599998	1.4000001	0.0
6.799998	1.4000001	0.0
6.9999976	1.4000001	0.0
7.1999974	1.4000001	0.0
7.399997	1.4000001	0.0
7.599997	1.4000001	0.0
7.799997	1.4000001	0.0
7.9999967	1.4000001	0.0
8.199997	1.4000001	0.0
8.399997	1.4000001	0.0
8.599997	1.4000001	0.0
8.799996	1.4000001	0.0
8.999996	1.4000001	0.0
9.199996	1.4000001	0.0
9.399996	1.4000001	0.0
9.599996	1.4000001	0.0
9.799995	1.4000001	0.0
9.999995	1.4000001	0.0
0.2	1.6000001	-190.0
0.4	1.6000001	-190.0
0.6	1.6000001	-190.0
0.8	1.6000001	-100.0
1.0	1.6000001	-100.0
1.2	1.6000001	0.0
1.4000001	1.6000001	0.0
1.6000001	1.6000001	0.0
1.8000002	1.6000001	0.0
2.0000002	1.6000001	0.0
2.2000003	1.6000001	0.0
2.4000003	1.6000001	0.0
2.6000004	1.6000001	0.0
2.8000004	1.6000001	0.0
3.0000005	1.6000001	0.0
3.2000005	1.6000001	0.0
3.4000006	1.6000001	0.0
3.6000006	1.6000001	0.0
3.8000007	1.6000001	0.0
4.0000005	1.6000001	0.0
4.2000003	1.6000001	0.0
4.4	1.6000001	0.0
4.6	1.6000001	0.0
4.7999997	1.6000001	0.0
4.9999995	1.6000001	0.0
5.1999993	1.6000001	0.0
5.399999	1.6000001	0.0
5.599999	1.6000001	0.0
5.7999988	1.6000001	0.0
5.9999986	1.6000001	0.0
6.1999984	1.6000001	0.0
6.399998	1.6000001	0.0
6.599998	1.6000001	0.0
6.799998	1.6000001	0.0
6.9999976	1.6000001	0.0
7.1999974	1.6000001	0.0
7.399997	1.6000001	0.0
7.599997	1.6000001	0.0
7.799997	1.6000001	0.0
7.9999967	1.6000001	0.0
8.199997	1.6000001	0.0
8.399997	1.6000001	0.0
8.599997	1.6000001	0.0
8.799996	1.6000001	0.0
8.999996	1.6000001	0.0
9.199996	1.6000001	0.0
9.399996	1.6000001	0.0
9.599996	1.6000001	0.0
9.799995	1.6000001	0.0
9.999995	1.6000001	0.0
0.2	1.8000002	-271.0
0.4	1.8000002	-190.0
0.6	1.8000002	-190.0
0.8	1.8000002	-190.0
1.0	1.8000002	-100.0
1.2	1.8000002	-100.0
1.4000001	1.8000002	0.0
1.6000001	1.8000002	0.0
1.8000002	1.8000002	0.0
2.0000002	1.8000002	0.0
2.2000003	1.8000002	0.0
2.4000003	1.8000002	0.0
2.6000004	1.8000002	0.0
2.8000004	1.8000002	0.0
3.0000005	1.8000002	0.0
3.2000005	1.8000002	0.0
3.4000006	1.8000002	0.0
3.6000006	1.8000002	0.0
3.8000007	1.8000002	0.0
4.0000005	1.8000002	0.0
4.2000003	1.8000002	0.0
4.4	1.8000002	0.0
4.6	1.8000002	0.0
4.7999997	1.8000002	0.0
4.9999995	1.8000002	0.0
5.1999993	1.8000002	0.0
5.399999	1.8000002	0.0
5.599999	1.8000002	0.0
5.7999988	1.8000002	0.0
5.9999986	1.8000002	0.0
6.1999984	1.8000002	0.0
6.399998	1.8000002	0.0
6.599998	1.8000002	0.0
6.799998	1.8000002	0.0
6.9999976	1.8000002	0.0
7.1999974	1.8000002	0.0
7.399997	1.8000002	0.0
7.599997	1.8000002	0.0
7.799997	1.8000002	0.0
7.9999967	1.8000002	0.0
8.199997	1.8000002	0.0
8.399997	1.8000002	0.0
8.599997	1.8000002	0.0
8.799996	1.8000002	0.0
8.999996	1.8000002	0.0
9.199996	1.8000002	0.0
9.399996	1.8000002	0.0
9.599996	1.8000002	0.0
9.799995	1.8000002	0.0
9.999995	1.8000002	0.0
0.2	2.0000002	-271.0
0.4	2.0000002	-271.0
0.6	2.0000002	-190.0
0.8	2.0000002	-190.0
1.0	2.0000002	-190.0
1.2	2.0000002	-100.0
1.4000001	2.0000002	-100.0
1.6000001	2.0000002	0.0
1.8000002	2.0000002	0.0
2.0000002	2.0000002	0.0
2.2000003	2.0000002	0.0
2.4000003	2.0000002	0.0
2.6000004	2.0000002	0.0
2.8000004	2.0000002	0.0
3.0000005	2.0000002	0.0
3.2000005	2.0000002	0.0
3.4000006	2.0000002	0.0
3.6000006	2.0000002	0.0
3.8000007	2.0000002	0.0
4.0000005	2.0000002	0.0
4.2000003	2.0000002	0.0
4.4	2.0000002	0.0
4.6	2.0000002	0.0
4.7999997	2.0000002	0.0
4.9999995	2.0000002	0.0
5.1999993	2.0000002	0.0
5.399999	2.0000002	0.0
5.599999	2.0000002	0.0
5.7999988	2.0000002	0.0
5.9999986	2.0000002	0.0
6.1999984	2.0000002	0.0
6.399998	2.0000002	0.0
6.599998	2.0000002	0.0
6.799998	2.0000002	0.0
6.9999976	2.0000002	0.0
7.1999974	2.0000002	0.0
7.399997	2.0000002	0.0
7.599997	2.0000002	0.0
7.799997	2.0000002	0.0
7.9999967	2.0000002	0.0
8.199997	2.0000002	0.0
8.399997	2.0000002	0.0
8.599997	2.0000002	0.0
8.799996	2.0000002	0.0
8.999996	2.0000002	0.0
9.199996	2.0000002	0.0
9.399996	2.0000002	0.0
9.599996	2.0000002	0.0
9.799995	2.0000002	0.0
9.999995	2.0000002	0.0
0.2	2.2000003	-343.9
0.4	2.2000003	-271.0
0.6	2.2000003	-271.0
0.8	2.2000003	-190.0
1.0	2.2000003	-190.0
1.2	2.2000003	-190.0
1.4000001	2.2000003	-100.0
1.6000001	2.2000003	-100.0
1.8000002	2.2000003	0.0
2.0000002	2.2000003	0.0
2.2000003	2.2000003	0.0
2.4000003	2.2000003	0.0
2.6000004	2.2000003	0.0
2.8000004	2.2000003	0.0
3.0000005	2.2000003	0.0
3.2000005	2.2000003	0.0
3.4000006	2.2000003	0.0
3.6000006	2.2000003	0.0
3.8000007	2.2000003	0.0
4.0000005	2.2000003	0.0
4.2000003	2.2000003	0.0
4.4	2.2000003	0.0
4.6	2.2000003	0.0
4.7999997	2.2000003	0.0
4.9999995	2.2000003	0.0
5.1999993	2.2000003	0.0
5.399999	2.2000003	0.0
5.599999	2.2000003	0.0
5.7999988	2.2000003	0.0
5.9999986	2.2000003	0.0
6.1999984	2.2000003	0.0
6.399998	2.2000003	0.0
6.599998	2.2000003	0.0
6.799998	2.2000003	0.0
6.9999976	2.2000003	0.0
7.1999974	2.2000003	0.0
7.399997	2.2000003	0.0
7.599997	2.2000003	0.0
7.799997	2.2000003	0.0
7.9999967	2.2000003	0.0
8.199997	2.2000003	0.0
8.399997	2.2000003	0.0
8.599997	2.2000003	0.0
8.799996	2.2000003	0.0
8.999996	2.2000003	0.0
9.199996	2.2000003	0.0
9.399996	2.2000003	0.0
9.599996	2.2000003	0.0
9.799995	2.2000003	0.0
9.999995	2.2000003	0.0
0.2	2.4000003	-343.9
0.4	2.4000003	-343.9
0.6	2.4000003	-271.0
0.8	2.4000003	-271.0
1.0	2.4000003	-190.0
1.2	2.4000003	-190.0
1.4000001	2.4000003	-190.0
1.6000001	2.4000003	-100.0
1.8000002	2.4000003	-100.0
2.0000002	2.4000003	0.0
2.2000003	2.4000003	0.0
2.4000003	2.4000003	0.0
2.6000004	2.4000003	0.0
2.8000004	2.4000003	0.0
3.0000005	2.4000003	0.0
3.2000005	2.4000003	0.0
3.4000006	2.4000003	0.0
3.6000006	2.4000003	0.0
3.8000007	2.4000003	0.0
4.0000005	2.4000003	0.0
4.2000003	2.4000003	0.0
4.4	2.4000003	0.0
4.6	2.4000003	0.0
4.7999997	2.4000003	0.0
4.9999995	2.4000003	0.0
5.1999993	2.4000003	0.0
5.399999	2.4000003	0.0
5.599999	2.4000003	0.0
5.7999988	2.4000003	0.0
5.9999986	2.4000003	0.0
6.1999984	2.4000003	0.0
6.399998	2.4000003	0.0
6.599998	2.4000003	0.0
6.799998	2.4000003	0.0
6.9999976	2.4000003	0.0
7.1999974	2.4000003	0.0
7.399997	2.4000003	0.0
7.599997	2.4000003	0.0
7.799997	2.4000003	0.0
7.9999967	2.4000003	0.0
8.199997	2.4000003	0.0
8.399997	2.4000003	0.0
8.599997	2.4000003	0.0
8.799996	2.4000003	0.0
8.999996	2.4000003	0.0
9.199996	2.4000003	0.0
9.399996	2.4000003	0.0
9.599996	2.4000003	0.0
9.799995	2.4000003	0.0
9.999995	2.4000003	0.0
0.2	2.6000004	-343.9
0.4	2.6000004	-343.9
0.6	2.6000004	-343.9
0.8	2.6000004	-271.0
1.0	2.6000004	-271.0
1.2	2.6000004	-190.0
1.4000001	2.6000004	-190.0
1.6000001	2.6000004	-190.0
1.8000002	2.6000004	-100.0
2.0000002	2.6000004	-100.0
2.2000003	2.6000004	0.0
2.4000003	2.6000004	0.0
2.6000004	2.6000004	0.0
2.8000004	2.6000004	0.0
3.0000005	2.6000004	0.0
3.2000005	2.6000004	0.0
3.4000006	2.6000004	0.0
3.6000006	2.6000004	0.0
3.8000007	2.6000004	0.0
4.0000005	2.6000004	0.0
4.2000003	2.6000004	0.0
4.4	2.6000004	0.0
4.6	2.6000004	0.0
4.7999997	2.6000004	0.0
4.9999995	2.6000004	0.0
5.1999993	2.6000004	0.0
5.399999	2.6000004	0.0
5.599999	2.6000004	0.0
5.7999988	2.6000004	0.0
5.9999986	2.6000004	0.0
6.1999984	2.6000004	0.0
6.399998	2.6000004	0.0
6.599998	2.6000004	0.0
6.799998	2.6000004	0.0
6.9999976	2.6000004	0.0
7.1999974	2.6000004	0.0
7.399997	2.6000004	0.0
7.599997	2.6000004	0.0
7.799997	2.6000004	0.0
7.9999967	2.6000004	0.0
8.199997	2.6000004	0.0
8.399997	2.6000004	0.0
8.599997	2.6000004	0.0
8.799996	2.6000004	0.0
8.999996	2.6000004	0.0
9.199996	2.6000004	0.0
9.399996	2.6000004	0.0
9.599996	2.6000004	0.0
9.799995	2.6000004	0.0
9.999995	2.6000004	0.0
0.2	2.8000004	-409.51
0.4	2.8000004	-343.9
0.6	2.8000004	-343.9
0.8	2.8000004	-343.9
1.0	2.8000004	-271.0
1.2	2.8000004	-271.0
1.4000001	2.8000004	-190.0
1.6000001	2.8000004	-190.0
1.8000002	2.8000004	-190.0
2.0000002	2.8000004	-100.0
2.2000003	2.8000004	-100.0
2.4000003	2.8000004	0.0
2.6000004	2.8000004	0.0
2.8000004	2.8000004	0.0
3.0000005	2.8000004	0.0
3.2000005	2.8000004	0.0
3.4000006	2.8000004	0.0
3.6000006	2.8000004	0.0
3.8000007	2.8000004	0.0
4.0000005	2.8000004	0.0
4.2000003	2.8000004	0.0
4.4	2.8000004	0.0
4.6	2.8000004	0.0
4.7999997	2.8000004	0.0
4.9999995	2.8000004	0.0
5.1999993	2.8000004	0.0
5.399999	2.8000004	0.0
5.599999	2.8000004	0.0
5.7999988	2.8000004	0.0
5.9999986	2.8000004	0.0
6.1999984	2.8000004	0.0
6.399998	2.8000004	0.0
6.599998	2.8000004	0.0
6.799998	2.8000004	0.0
6.9999976	2.8000004	0.0
7.1999974	2.8000004	0.0
7.399997	2.8000004	0.0
7.599997	2.8000004	0.0
7.799997	2.8000004	0.0
7.9999967	2.8000004	0.0
8.199997	2.8000004	0.0
8.399997	2.8000004	0.0
8.599997	2.8000004	0.0
8.799996	2.8000004	0.0
8.999996	2.8000004	0.0
9.199996	2.8000004	0.0
9.399996	2.8000004	0.0
9.599996	2.8000004	0.0
9.799995	2.8000004	0.0
9.999995	2.8000004	0.0
0.2	3.0000005	-409.51
0.4	3.0000005	-409.51
0.6	3.0000005	-343.9
0.8	3.0000005	-343.9
1.0	3.0000005	-343.9
1.2	3.0000005	-271.0
1.4000001	3.0000005	-271.0
1.6000001	3.0000005	-190.0
1.8000002	3.0000005	-190.0
2.0000002	3.0000005	-190.0
2.2000003	3.0000005	-100.0
2.4000003	3.0000005	-100.0
2.6000004	3.0000005	0.0
2.8000004	3.0000005	0.0
3.0000005	3.0000005	0.0
3.2000005	3.0000005	0.0
3.4000006	3.0000005	0.0
3.6000006	3.0000005	0.0
3.8000007	3.0000005	0.0
4.0000005	3.0000005	0.0
4.2000003	3.0000005	0.0
4.4	3.0000005	0.0
4.6	3.0000005	0.0
4.7999997	3.0000005	0.0
4.9999995	3.0000005	0.0
5.1999993	3.0000005	0.0
5.399999	3.0000005	0.0
5.599999	3.0000005	0.0
5.7999988	3.0000005	0.0
5.9999986	3.0000005	0.0
6.1999984	3.0000005	0.0
6.399998	3.0000005	0.0
6.599998	3.0000005	0.0
6.799998	3.0000005	0.0
6.9999976	3.0000005	0.0
7.1999974	3.0000005	0.0
7.399997	3.0000005	0.0
7.599997	3.0000005	0.0
7.799997	3.0000005	0.0
7.9999967	3.0000005	0.0
8.199997	3.0000005	0.0
8.399997	3.0000005	0.0
8.599997	3.0000005	0.0
8.799996	3.0000005	0.0
8.999996	3.0000005	0.0
9.199996	3.0000005	0.0
9.399996	3.0000005	0.0
9.599996	3.0000005	0.0
9.799995	3.0000005	0.0
9.999995	3.0000005	0.0
0.2	3.2000005	-468.559
0.4	3.2000005	-409.51
0.6	3.2000005	-409.51
0.8	3.2000005	-343.9
1.0	3.2000005	-343.9
1.2	3.2000005	-343.9
1.4000001	3.2000005	-271.0
1.6000001	3.2000005	-271.0
1.8000002	3.2000005	-190.0
2.0000002	3.2000005	-190.0
2.2000003	3.2000005	-190.0
2.4000003	3.2000005	-100.0
2.6000004	3.2000005	-100.0
2.8000004	3.2000005	0.0
3.0000005	3.2000005	0.0
3.2000005	3.2000005	0.0
3.4000006	3.2000005	0.0
3.6000006	3.2000005	0.0
3.8000007	3.2000005	0.0
4.0000005	3.2000005	0.0
4.2000003	3.2000005	0.0
4.4	3.2000005	0.0
4.6	3.2000005	0.0
4.7999997	3.2000005	0.0
4.9999995	3.2000005	0.0
5.1999993	3.2000005	0.0
5.399999	3.2000005	0.0
5.599999	3.2000005	0.0
5.7999988	3.2000005	0.0
5.9999986	3.2000005	0.0
6.1999984	3.2000005	0.0
6.399998	3.2000005	0.0
6.599998	3.2000005	0.0
6.799998	3.2000005	0.0
6.9999976	3.2000005	0.0
7.1999974	3.2000005	0.0
7.399997	3.2000005	0.0
7.599997	3.2000005	0.0
7.799997	3.2000005	0.0
7.9999967	3.2000005	0.0
8.199997	3.2000005	0.0
8.399997	3.2000005	0.0
8.599997	3.2000005	0.0
8.799996	3.2000005	0.0
8.999996	3.2000005	0.0
9.199996	3.2000005	0.0
9.399996	3.2000005	0.0
9.599996	3.2000005	0.0
9.799995	3.2000005	0.0
9.999995	3.2000005	0.0
0.2	3.4000006	-468.559
0.4	3.4000006	-468.559
0.6	3.4000006	-409.51
0.8	3.4000006	-409.51
1.0	3.4000006	-343.9
1.2	3.4000006	-343.9
1.4000001	3.4000006	-343.9
1.6000001	3.4000006	-271.0
1.8000002	3.4000006	-271.0
2.0000002	3.4000006	-190.0
2.2000003	3.4000006	-190.0
2.4000003	3.4000006	-190.0
2.6000004	3.4000006	-100.0
2.8000004	3.4000006	-100.0
3.0000005	3.4000006	0.0
3.2000005	3.4000006	0.0
3.4000006	3.4000006	0.0
3.6000006	3.4000006	0.0
3.8000007	3.4000006	0.0
4.0000005	3.4000006	0.0
4.2000003	3.4000006	0.0
4.4	3.4000006	0.0
4.6	3.4000006	0.0
4.7999997	3.4000006	0.0
4.9999995	3.4000006	0.0
5.1999993	3.4000006	0.0
5.399999	3.4000006	0.0
5.599999	3.4000006	0.0
5.7999988	3.4000006	0.0
5.9999986	3.4000006	0.0
6.1999984	3.4000006	0.0
6.399998	3.4000006	0.0
6.599998	3.4000006	0.0
6.799998	3.4000006	0.0
6.9999976	3.4000006	0.0
7.1999974	3.4000006	0.0
7.399997	3.4000006	0.0
7.599997	3.4000006	0.0
7.799997	3.4000006	0.0
7.9999967	3.4000006	0.0
8.199997	3.4000006	0.0
8.399997	3.4000006	0.0
8.599997	3.4000006	0.0
8.799996	3.4000006	0.0
8.999996	3.4000006	0.0
9.199996	3.4000006	0.0
9.399996	3.4000006	0.0
9.599996	3.4000006	0.0
9.799995	3.4000006	0.0
9.999995	3.4000006	0.0
0.2	3.6000006	-468.559
0.4	3.6000006	-468.559
0.6	3.6000006	-468.559
0.8	3.6000006	-409.51
1.0	3.6000006	-409.51
1.2	3.6000006	-343.9
1.4000001	3.6000006	-343.9
1.6000001	3.6000006	-343.9
1.8000002	3.6000006	-271.0
2.0000002	3.6000006	-271.0
2.2000003	3.6000006	-190.0
2.4000003	3.6000006	-190.0
2.6000004	3.6000006	-190.0
2.8000004	3.6000006	-100.0
3.0000005	3.6000006	-100.0
3.2000005	3.6000006	0.0
3.4000006	3.6000006	0.0
3.6000006	3.6000006	0.0
3.8000007	3.6000006	0.0
4.0000005	3.6000006	0.0
4.2000003	3.6000006	0.0
4.4	3.6000006	0.0
4.6	3.6000006	0.0
4.7999997	3.6000006	0.0
4.9999995	3.6000006	0.0
5.1999993	3.6000006	0.0
5.399999	3.6000006	0.0
5.599999	3.6000006	0.0
5.7999988	3.6000006	0.0
5.9999986	3.6000006	0.0
6.1999984	3.6000006	0.0
6.399998	3.6000006	0.0
6.599998	3.6000006	0.0
6.799998	3.6000006	0.0
6.9999976	3.6000006	0.0
7.1999974	3.6000006	0.0
7.399997	3.6000006	0.0
7.599997	3.6000006	0.0
7.799997	3.6000006	0.0
7.9999967	3.6000006	0.0
8.199997	3.6000006	0.0
8.399997	3.6000006	0.0
8.599997	3.6000006	0.0
8.799996	3.6000006	0.0
8.999996	3.6000006	0.0
9.199996	3.6000006	0.0
9.399996	3.6000006	0.0
9.599996	3.6000006	0.0
9.799995	3.6000006	0.0
9.999995	3.6000006	0.0
0.2	3.8000007	-521.7031
0.4	3.8000007	-468.559
0.6	3.8000007	-468.559
0.8	3.8000007	-468.559
1.0	3.8000007	-409.51
1.2	3.8000007	-409.51
1.4000001	3.8000007	-343.9
1.6000001	3.8000007	-343.9
1.8000002	3.8000007	-343.9
2.0000002	3.8000007	-271.0
2.2000003	3.8000007	-271.0
2.4000003	3.8000007	-190.0
2.6000004	3.8000007	-190.0
2.8000004	3.8000007	-190.0
3.0000005	3.8000007	-100.0
3.2000005	3.8000007	-100.0
3.4000006	3.8000007	0.0
3.6000006	3.8000007	0.0
3.8000007	3.8000007	0.0
4.0000005	3.8000007	0.0
4.2000003	3.8000007	0.0
4.4	3.8000007	0.0
4.6	3.8000007	0.0
4.7999997	3.8000007	0.0
4.9999995	3.8000007	0.0
5.1999993	3.8000007	0.0
5.399999	3.8000007	0.0
5.599999	3.8000007	0.0
5.7999988	3.8000007	0.0
5.9999986	3.8000007	0.0
6.1999984	3.8000007	0.0
6.399998	3.8000007	0.0
6.599998	3.8000007	0.0
6.799998	3.8000007	0.0
6.9999976	3.8000007	0.0
7.1999974	3.8000007	0.0
7.399997	3.8000007	0.0
7.599997	3.8000007	0.0
7.799997	3.8000007	0.0
7.9999967	3.8000007	0.0
8.199997	3.8000007	0.0
8.399997	3.8000007	0.0
8.599997	3.8000007	0.0
8.799996	3.8000007	0.0
8.999996	3.8000007	0.0
9.199996	3.8000007	0.0
9.399996	3.8000007	0.0
9.599996	3.8000007	0.0
9.799995	3.8000007	0.0
9.999995	3.8000007	0.0
0.2	4.0000005	-521.7031
0.4	4.0000005	-521.7031
0.6	4.0000005	-468.559
0.8	4.0000005	-468.559
1.0	4.0000005	-468.559
1.2	4.0000005	-409.51
1.4000001	4.0000005	-409.51
1.6000001	4.0000005	-343.9
1.8000002	4.0000005	-343.9
2.0000002	4.0000005	-343.9
2.2000003	4.0000005	-271.0
2.4000003	4.0000005	-271.0
2.6000004	4.0000005	-190.0
2.8000004	4.0000005	-190.0
3.0000005	4.0000005	-100.0
3.2000005	4.0000005	-100.0
3.4000006	4.0000005	-100.0
3.6000006	4.0000005	0.0
3.8000007	4.0000005	0.0
4.0000005	4.0000005	0.0
4.2000003	4.0000005	0.0
4.4	4.0000005	0.0
4.6	4.0000005	0.0
4.7999997	4.0000005	0.0
4.9999995	4.0000005	0.0
5.1999993	4.0000005	0.0
5.399999	4.0000005	0.0
5.599999	4.0000005	0.0
5.7999988	4.0000005	0.0
5.9999986	4.0000005	0.0
6.1999984	4.0000005	0.0
6.399998	4.0000005	0.0
6.599998	4.0000005	0.0
6.799998	4.0000005	0.0
6.9999976	4.0000005	0.0
7.1999974	4.0000005	0.0
7.399997	4.0000005	0.0
7.599997	4.0000005	0.0
7.799997	4.0000005	0.0
7.9999967	4.0000005	0.0
8.199997	4.0000005	0.0
8.399997	4.0000005	0.0
8.599997	4.0000005	0.0
8.799996	4.0000005	0.0
8.999996	4.0000005	0.0
9.199996	4.0000005	0.0
9.399996	4.0000005	0.0
9.599996	4.0000005	0.0
9.799995	4.0000005	0.0
9.999995	4.0000005	0.0
0.2	4.2000003	-569.5328
0.4	4.2000003	-521.7031
0.6	4.2000003	-521.7031
0.8	4.2000003	-468.559
1.0	4.2000003	-468.559
1.2	4.2000003	-468.559
1.4000001	4.2000003	-409.51
1.6000001	4.2000003	-409.51
1.8000002	4.2000003	-343.9
2.0000002	4.2000003	-343.9
2.2000003	4.2000003	-271.0
2.4000003	4.2000003	-271.0
2.6000004	4.2000003	-271.0
2.8000004	4.2000003	-190.0
3.0000005	4.2000003	-190.0
3.2000005	4.2000003	-100.0
3.4000006	4.2000003	-100.0
3.6000006	4.2000003	-100.0
3.8000007	4.2000003	0.0
4.0000005	4.2000003	0.0
4.2000003	4.2000003	0.0
4.4	4.2000003	0.0
4.6	4.2000003	0.0
4.7999997	4.2000003	0.0
4.9999995	4.2000003	0.0
5.1999993	4.2000003	0.0
5.399999	4.2000003	0.0
5.599999	4.2000003	0.0
5.7999988	4.2000003	0.0
5.9999986	4.2000003	0.0
6.1999984	4.2000003	0.0
6.399998	4.2000003	0.0
6.599998	4.2000003	0.0
6.799998	4.2000003	0.0
6.9999976	4.2000003	0.0
7.1999974	4.2000003	0.0
7.399997	4.2000003	0.0
7.599997	4.2000003	0.0
7.799997	4.2000003	0.0
7.9999967	4.2000003	0.0
8.199997	4.2000003	0.0
8.399997	4.2000003	0.0
8.599997	4.2000003	0.0
8.799996	4.2000003	0.0
8.999996	4.2000003	0.0
9.199996	4.2000003	0.0
9.399996	4.2000003	0.0
9.599996	4.2000003	0.0
9.799995	4.2000003	0.0
9.999995	4.2000003	0.0
0.2	4.4	-569.5328
0.4	4.4	-569.5328
0.6	4.4	-521.7031
0.8	4.4	-521.7031
1.0	4.4	-468.559
1.2	4.4	-468.559
1.4000001	4.4	-409.51
1.6000001	4.4	-409.51
1.8000002	4.4	-409.51
2.0000002	4.4	-343.9
2.2000003	4.4	-343.9
2.4000003	4.4	-271.0
2.6000004	4.4	-271.0
2.8000004	4.4	-271.0
3.0000005	4.4	-190.0
3.2000005	4.4	-190.0
3.4000006	4.4	-100.0
3.6000006	4.4	-100.0
3.8000007	4.4	-100.0
4.0000005	4.4	0.0
4.2000003	4.4	0.0
4.4	4.4	0.0
4.6	4.4	0.0
4.7999997	4.4	0.0
4.9999995	4.4	0.0
5.1999993	4.4	0.0
5.399999	4.4	0.0
5.599999	4.4	0.0
5.7999988	4.4	0.0
5.9999986	4.4	0.0
6.1999984	4.4	0.0
6.399998	4.4	0.0
6.599998	4.4	0.0
6.799998	4.4	0.0
6.9999976	4.4	0.0
7.1999974	4.4	0.0
7.399997	4.4	0.0
7.599997	4.4	0.0
7.799997	4.4	0.0
7.9999967	4.4	0.0
8.199997	4.4	0.0
8.399997	4.4	0.0
8.599997	4.4	0.0
8.799996	4.4	0.0
8.999996	4.4	0.0
9.199996	4.4	0.0
9.399996	4.4	0.0
9.599996	4.4	0.0
9.799995	4.4	0.0
9.999995	4.4	0.0
0.2	4.6	-569.5328
0.4	4.6	-569.5328
0.6	4.6	-521.7031
0.8	4.6	-521.7031
1.0	4.6	-521.7031
1.2	4.6	-468.559
1.4000001	4.6	-468.559
1.6000001	4.6	-409.51
1.8000002	4.6	-409.51
2.0000002	4.6	-409.51
2.2000003	4.6	-343.9
2.4000003	4.6	-343.9
2.6000004	4.6	-271.0
2.8000004	4.6	-271.0
3.0000005	4.6	-271.0
3.2000005	4.6	-190.0
3.4000006	4.6	-190.0
3.6000006	4.6	-100.0
3.8000007	4.6	-100.0
4.0000005	4.6	-100.0
4.2000003	4.6	0.0
4.4	4.6	0.0
4.6	4.6	0.0
4.7999997	4.6	0.0
4.9999995	4.6	0.0
5.1999993	4.6	0.0
5.399999	4.6	0.0
5.599999	4.6	0.0
5.7999988	4.6	0.0
5.9999986	4.6	0.0
6.1999984	4.6	0.0
6.399998	4.6	0.0
6.599998	4.6	0.0
6.799998	4.6	0.0
6.9999976	4.6	0.0
7.1999974	4.6	0.0
7.399997	4.6	0.0
7.599997	4.6	0.0
7.799997	4.6	0.0
7.9999967	4.6	0.0
8.199997	4.6	0.0
8.399997	4.6	0.0
8.599997	4.6	0.0
8.799996	4.6	0.0
8.999996	4.6	0.0
9.199996	4.6	0.0
9.399996	4.6	0.0
9.599996	4.6	0.0
9.799995	4.6	0.0
9.999995	4.6	0.0
0.2	4.7999997	-569.5328
0.4	4.7999997	-569.5328
0.6	4.7999997	-569.5328
0.8	4.7999997	-521.7031
1.0	4.7999997	-521.7031
1.2	4.7999997	-521.7031
1.4000001	4.7999997	-468.559
1.6000001	4.7999997	-468.559
1.8000002	4.7999997	-409.51
2.0000002	4.7999997	-409.51
2.2000003	4.7999997	-409.51
2.4000003	4.7999997	-343.9
2.6000004	4.7999997	-343.9
2.8000004	4.7999997	-271.0
3.0000005	4.7999997	-271.0
3.2000005	4.7999997	-271.0
3.4000006	4.7999997	-190.0
3.6000006	4.7999997	-190.0
3.8000007	4.7999997	-100.0
4.0000005	4.7999997	-100.0
4.2000003	4.7999997	-100.0
4.4	4.7999997	0.0
4.6	4.7999997	0.0
4.7999997	4.7999997	0.0
4.9999995	4.7999997	0.0
5.1999993	4.7999997	0.0
5.399999	4.7999997	0.0
5.599999	4.7999997	0.0
5.7999988	4.7999997	0.0
5.9999986	4.7999997	0.0
6.1999984	4.7999997	0.0
6.399998	4.7999997	0.0
6.599998	4.7999997	0.0
6.799998	4.7999997	0.0
6.9999976	4.7999997	0.0
7.1999974	4.7999997	0.0
7.399997	4.7999997	0.0
7.599997	4.7999997	0.0
7.799997	4.7999997	0.0
7.9999967	4.7999997	0.0
8.199997	4.7999997	0.0
8.399997	4.7999997	0.0
8.599997	4.7999997	0.0
8.799996	4.7999997	0.0
8.999996	4.7999997	0.0
9.199996	4.7999997	0.0
9.399996	4.7999997	0.0
9.599996	4.7999997	0.0
9.799995	4.7999997	0.0
9.999995	4.7999997	0.0
0.2	4.9999995	-569.5328
0.4	4.9999995	-569.5328
0.6	4.9999995	-569.5328
0.8	4.9999995	-569.5328
1.0	4.9999995	-521.7031
1.2	4.9999995	-521.7031
1.4000001	4.9999995	-521.7031
1.6000001	4.9999995	-468.559
1.8000002	4.9999995	-468.559
2.0000002	4.9999995	-409.51
2.2000003	4.9999995	-409.51
2.4000003	4.9999995	-409.51
2.6000004	4.9999995	-343.9
2.8000004	4.9999995	-343.9
3.0000005	4.9999995	-271.0
3.2000005	4.9999995	-271.0
3.4000006	4.9999995	-271.0
3.6000006	4.9999995	-190.0
3.8000007	4.9999995	-190.0
4.0000005	4.9999995	-100.0
4.2000003	4.9999995	-100.0
4.4	4.9999995	-100.0
4.6	4.9999995	0.0
4.7999997	4.9999995	0.0
4.9999995	4.9999995	0.0
5.1999993	4.9999995	0.0
5.399999	4.9999995	0.0
5.599999	4.9999995	0.0
5.7999988	4.9999995	0.0
5.9999986	4.9999995	0.0
6.1999984	4.9999995	0.0
6.399998	4.9999995	0.0
6.599998	4.9999995	0.0
6.799998	4.9999995	0.0
6.9999976	4.9999995	0.0
7.1999974	4.9999995	0.0
7.399997	4.9999995	0.0
7.599997	4.9999995	0.0
7.799997	4.9999995	0.0
7.9999967	4.9999995	0.0
8.199997	4.9999995	0.0
8.399997	4.9999995	0.0
8.599997	4.9999995	0.0
8.799996	4.9999995	0.0
8.999996	4.9999995	0.0
9.199996	4.9999995	0.0
9.399996	4.9999995	0.0
9.599996	4.9999995	0.0
9.799995	4.9999995	0.0
9.999995	4.9999995	0.0
0.2	5.1999993	-569.5328
0.4	5.1999993	-569.5328
0.6	5.1999993	-569.5328
0.8	5.1999993	-569.5328
1.0	5.1999993	-569.5328
1.2	5.1999993	-521.7031
1.4000001	5.1999993	-521.7031
1.6000001	5.1999993	-521.7031
1.8000002	5.1999993	-468.559
2.0000002	5.1999993	-468.559
2.2000003	5.1999993	-409.51
2.4000003	5.1999993	-409.51
2.6000004	5.1999993	-409.51
2.8000004	5.1999993	-343.9
3.0000005	5.1999993	-343.9
3.2000005	5.1999993	-271.0
3.4000006	5.1999993	-271.0
3.6000006	5.1999993	-271.0
3.8000007	5.1999993	-190.0
4.0000005	5.1999993	-190.0
4.2000003	5.1999993	-100.0
4.4	5.1999993	-100.0
4.6	5.1999993	-100.0
4.7999997	5.1999993	0.0
4.9999995	5.1999993	0.0
5.1999993	5.1999993	0.0
5.399999	5.1999993	0.0
5.599999	5.1999993	0.0
5.7999988	5.1999993	0.0
5.9999986	5.1999993	0.0
6.1999984	5.1999993	0.0
6.399998	5.1999993	0.0
6.599998	5.1999993	0.0
6.799998	5.1999993	0.0
6.9999976	5.1999993	0.0
7.1999974	5.1999993	0.0
7.399997	5.1999993	0.0
7.599997	5.1999993	0.0
7.799997	5.1999993	0.0
7.9999967	5.1999993	0.0
8.199997	5.1999993	0.0
8.399997	5.1999993	0.0
8.599997	5.1999993	0.0
8.799996	5.1999993	0.0
8.999996	5.1999993	0.0
9.199996	5.1999993	0.0
9.399996	5.1999993	0.0
9.599996	5.1999993	0.0
9.799995	5.1999993	0.0
9.999995	5.1999993	0.0
0.2	5.399999	-569.5328
0.4	5.399999	-569.5328
0.6	5.399999	-569.5328
0.8	5.399999	-569.5328
1.0	5.399999	-569.5328
1.2	5.399999	-569.5328
1.4000001	5.399999	-521.7031
1.6000001	5.399999	-521.7031
1.8000002	5.399999	-521.7031
2.0000002	5.399999	-468.559
2.2000003	5.399999	-468.559
2.4000003	5.399999	-409.51
2.6000004	5.399999	-409.51
2.8000004	5.399999	-409.51
3.0000005	5.399999	-343.9
3.2000005	5.399999	-343.9
3.4000006	5.399999	-271.0
3.6000006	5.399999	-271.0
3.8000007	5.399999	-271.0
4.0000005	5.399999	-190.0
4.2000003	5.399999	-190.0
4.4	5.399999	-100.0
4.6	5.399999	-100.0
4.7999997	5.399999	-100.0
4.9999995	5.399999	0.0
5.1999993	5.399999	0.0
5.399999	5.399999	0.0
5.599999	5.399999	0.0
5.7999988	5.399999	0.0
5.9999986	5.399999	0.0
6.1999984	5.399999	0.0
6.399998	5.399999	0.0
6.599998	5.399999	0.0
6.799998	5.399999	0.0
6.9999976	5.399999	0.0
7.1999974	5.399999	0.0
7.399997	5.399999	0.0
7.599997	5.399999	0.0
7.799997	5.399999	0.0
7.9999967	5.399999	0.0
8.199997	5.399999	0.0
8.399997	5.399999	0.0
8.599997	5.399999	0.0
8.799996	5.399999	0.0
8.999996	5.399999	0.0
9.199996	5.399999	0.0
9.399996	5.399999	0.0
9.599996	5.399999	0.0
9.799995	5.399999	0.0
9.999995	5.399999	0.0
0.2	5.599999	-569.5328
0.4	5.599999	-569.5328
0.6	5.599999	-569.5328
0.8	5.599999	-569.5328
1.0	5.599999	-569.5328
1.2	5.599999	-569.5328
1.4000001	5.599999	-569.5328
1.6000001	5.599999	-521.7031
1.8000002	5.599999	-521.7031
2.0000002	5.599999	-521.7031
2.2000003	5.599999	-468.559
2.4000003	5.599999	-468.559
2.6000004	5.599999	-409.51
2.8000004	5.599999	-409.51
3.0000005	5.599999	-409.51
3.2000005	5.599999	-343.9
3.4000006	5.599999	-343.9
3.6000006	5.599999	-271.0
3.8000007	5.599999	-271.0
4.0000005	5.599999	-271.0
4.2000003	5.599999	-190.0
4.4	5.599999	-190.0
4.6	5.599999	-100.0
4.7999997	5.599999	-100.0
4.9999995	5.599999	-100.0
5.1999993	5.599999	0.0
5.399999	5.599999	0.0
5.599999	5.599999	0.0
5.7999988	5.599999	0.0
5.9999986	5.599999	0.0
6.1999984	5.599999	0.0
6.399998	5.599999	0.0
6.599998	5.599999	0.0
6.799998	5.599999	0.0
6.9999976	5.599999	0.0
7.1999974	5.599999	0.0
7.399997	5.599999	0.0
7.599997	5.599999	0.0
7.799997	5.599999	0.0
7.9999967	5.599999	0.0
8.199997	5.599999	0.0
8.399997	5.599999	0.0
8.599997	5.599999	0.0
8.799996	5.599999	0.0
8.999996	5.599999	0.0
9.199996	5.599999	0.0
9.399996	5.599999	0.0
9.599996	5.599999	0.0
9.799995	5.599999	0.0
9.999995	5.599999	0.0
0.2	5.7999988	-569.5328
0.4	5.7999988	-569.5328
0.6	5.7999988	-569.5328
0.8	5.7999988	-569.5328
1.0	5.7999988	-569.5328
1.2	5.7999988	-569.5328
1.4000001	5.7999988	-569.5328
1.6000001	5.7999988	-569.5328
1.8000002	5.7999988	-521.7031
2.0000002	5.7999988	-521.7031
2.2000003	5.7999988	-521.7031
2.4000003	5.7999988	-468.559
2.6000004	5.7999988	-468.559
2.8000004	5.7999988	-409.51
3.0000005	5.7999988	-409.51
3.2000005	5.7999988	-409.51
3.4000006	5.7999988	-343.9
3.6000006	5.7999988	-343.9
3.8000007	5.7999988	-271.0
4.0000005	5.7999988	-271.0
4.2000003	5.7999988	-271.0
4.4	5.7999988	-190.0
4.6	5.7999988	-190.0
4.7999997	5.7999988	-100.0
4.9999995	5.7999988	-100.0
5.1999993	5.7999988	-100.0
5.399999	5.7999988	0.0
5.599999	5.7999988	0.0
5.7999988	5.7999988	0.0
5.9999986	5.7999988	0.0
6.1999984	5.7999988	0.0
6.399998	5.7999988	0.0
6.599998	5.7999988	0.0
6.799998	5.7999988	0.0
6.9999976	5.7999988	0.0
7.1999974	5.7999988	0.0
7.399997	5.7999988	0.0
7.599997	5.7999988	0.0
7.799997	5.7999988	0.0
7.9999967	5.7999988	0.0
8.199997	5.7999988	0.0
8.399997	5.7999988	0.0
8.599997	5.7999988	0.0
8.799996	5.7999988	0.0
8.999996	5.7999988	0.0
9.199996	5.7999988	0.0
9.399996	5.7999988	0.0
9.599996	5.7999988	0.0
9.799995	5.7999988	0.0
9.999995	5.7999988	0.0
0.2	5.9999986	-569.5328
0.4	5.9999986	-569.5328
0.6	5.9999986	-569.5328
0.8	5.9999986	-569.5328
1.0	5.9999986	-569.5328
1.2	5.9999986	-569.5328
1.4000001	5.9999986	-569.5328
1.6000001	5.9999986	-569.5328
1.8000002	5.9999986	-569.5328
2.0000002	5.9999986	-521.7031
2.2000003	5.9999986	-521.7031
2.4000003	5.9999986	-521.7031
2.6000004	5.9999986	-468.559
2.8000004	5.9999986	-468.559
3.0000005	5.9999986	-409.51
3.2000005	5.9999986	-409.51
3.4000006	5.9999986	-409.51
3.6000006	5.9999986	-343.9
3.8000007	5.9999986	-343.9
4.0000005	5.9999986	-271.0
4.2000003	5.9999986	-271.0
4.4	5.9999986	-271.0
4.6	5.9999986	-190.0
4.7999997	5.9999986	-190.0
4.9999995	5.9999986	-100.0
5.1999993	5.9999986	-100.0
5.399999	5.9999986	-100.0
5.599999	5.9999986	0.0
5.7999988	5.9999986	0.0
5.9999986	5.9999986	0.0
6.1999984	5.9999986	0.0
6.399998	5.9999986	0.0
6.599998	5.9999986	0.0
6.799998	5.9999986	0.0
6.9999976	5.9999986	0.0
7.1999974	5.9999986	0.0
7.399997	5.9999986	0.0
7.599997	5.9999986	0.0
7.799997	5.9999986	0.0
7.9999967	5.9999986	0.0
8.199997	5.9999986	0.0
8.399997	5.9999986	0.0
8.599997	5.9999986	0.0
8.799996	5.9999986	0.0
8.999996	5.9999986	0.0
9.199996	5.9999986	0.0
9.399996	5.9999986	0.0
9.599996	5.9999986	0.0
9.799995	5.9999986	0.0
9.999995	5.9999986	0.0
0.2	6.1999984	-569.5328
0.4	6.1999984	-569.5328
0.6	6.1999984	-569.5328
0.8	6.1999984	-569.5328
1.0	6.1999984	-569.5328
1.2	6.1999984	-569.5328
1.4000001	6.1999984	-569.5328
1.6000001	6.1999984	-569.5328
1.8000002	6.1999984	-569.5328
2.0000002	6.1999984	-569.5328
2.2000003	6.1999984	-521.7031
2.4000003	6.1999984	-521.7031
2.6000004	6.1999984	-521.7031
2.8000004	6.1999984	-468.559
3.0000005	6.1999984	-468.559
3.2000005	6.1999984	-409.51
3.4000006	6.1999984	-409.51
3.6000006	6.1999984	-409.51
3.8000007	6.1999984	-343.9
4.0000005	6.1999984	-343.9
4.2000003	6.1999984	-271.0
4.4	6.1999984	-271.0
4.6	6.1999984	-271.0
4.7999997	6.1999984	-190.0
4.9999995	6.1999984	-190.0
5.1999993	6.1999984	-100.0
5.399999	6.1999984	-100.0
5.599999	6.1999984	-100.0
5.7999988	6.1999984	0.0
5.9999986	6.1999984	0.0
6.1999984	6.1999984	0.0
6.399998	6.1999984	0.0
6.599998	6.1999984	0.0
6.799998	6.1999984	0.0
6.9999976	6.1999984	0.0
7.1999974	6.1999984	0.0
7.399997	6.1999984	0.0
7.599997	6.1999984	0.0
7.799997	6.1999984	0.0
7.9999967	6.1999984	0.0
8.199997	6.1999984	0.0
8.399997	6.1999984	0.0
8.599997	6.1999984	0.0
8.799996	6.1999984	0.0
8.999996	6.1999984	0.0
9.199996	6.1999984	0.0
9.399996	6.1999984	0.0
9.599996	6.1999984	0.0
9.799995	6.1999984	0.0
9.999995	6.1999984	0.0
0.2	6.399998	-569.5328
0.4	6.399998	-569.5328
0.6	6.399998	-569.5328
0.8	6.399998	-569.5328
1.0	6.399998	-569.5328
1.2	6.399998	-569.5328
1.4000001	6.399998	-569.5328
1.6000001	6.399998	-569.5328
1.8000002	6.399998	-569.5328
2.0000002	6.399998	-569.5328
2.2000003	6.399998	-569.5328
2.4000003	6.399998	-521.7031
2.6000004	6.399998	-521.7031
2.8000004	6.399998	-521.7031
3.0000005	6.399998	-468.559
3.2000005	6.399998	-468.559
3.4000006	6.399998	-409.51
3.6000006	6.399998	-409.51
3.8000007	6.399998	-409.51
4.0000005	6.399998	-343.9
4.2000003	6.399998	-343.9
4.4	6.399998	-271.0
4.6	6.399998	-271.0
4.7999997	6.399998	-271.0
4.9999995	6.399998	-190.0
5.1999993	6.399998	-190.0
5.399999	6.399998	-100.0
5.599999	6.399998	-100.0
5.7999988	6.399998	-100.0
5.9999986	6.399998	0.0
6.1999984	6.399998	0.0
6.399998	6.399998	0.0
6.599998	6.399998	0.0
6.799998	6.399998	0.0
6.9999976	6.399998	0.0
7.1999974	6.399998	0.0
7.399997	6.399998	0.0
7.599997	6.399998	0.0
7.799997	6.399998	0.0
7.9999967	6.399998	0.0
8.199997	6.399998	0.0
8.399997	6.399998	0.0
8.599997	6.399998	0.0
8.799996	6.399998	0.0
8.999996	6.399998	0.0
9.199996	6.399998	0.0
9.399996	6.399998	0.0
9.599996	6.399998	0.0
9.799995	6.399998	0.0
9.999995	6.399998	0.0
0.2	6.599998	-569.5328
0.4	6.599998	-569.5328
0.6	6.599998	-569.5328
0.8	6.599998	-569.5328
1.0	6.599998	-569.5328
1.2	6.599998	-569.5328
1.4000001	6.599998	-569.5328
1.6000001	6.599998	-569.5328
1.8000002	6.599998	-569.5328
2.0000002	6.599998	-569.5328
2.2000003	6.599998	-569.5328
2.4000003	6.599998	-569.5328
2.6000004	6.599998	-521.7031
2.8000004	6.599998	-521.7031
3.0000005	6.599998	-521.7031
3.2000005	6.599998	-468.559
3.4000006	6.599998	-468.559
3.6000006	6.599998	-409.51
3.8000007	6.599998	-409.51
4.0000005	6.599998	-409.51
4.2000003	6.599998	-343.9
4.4	6.599998	-343.9
4.6	6.599998	-271.0
4.7999997	6.599998	-271.0
4.9999995	6.599998	-271.0
5.1999993	6.599998	-190.0
5.399999	6.599998	-190.0
5.599999	6.599998	-100.0
5.7999988	6.599998	-100.0
5.9999986	6.599998	-100.0
6.1999984	6.599998	0.0
6.399998	6.599998	0.0
6.599998	6.599998	0.0
6.799998	6.599998	0.0
6.9999976	6.599998	0.0
7.1999974	6.599998	0.0
7.399997	6.599998	0.0
7.599997	6.599998	0.0
7.799997	6.599998	0.0
7.9999967	6.599998	0.0
8.199997	6.599998	0.0
8.399997	6.599998	0.0
8.599997	6.599998	0.0
8.799996	6.599998	0.0
8.999996	6.599998	0.0
9.199996	6.599998	0.0
9.399996	6.599998	0.0
9.599996	6.599998	0.0
9.799995	6.599998	0.0
9.999995	6.599998	0.0
0.2	6.799998	-569.5328
0.4	6.799998	-569.5328
0.6	6.799998	-569.5328
0.8	6.799998	-569.5328
1.0	6.799998	-569.5328
1.2	6.799998	-569.5328
1.4000001	6.799998	-569.5328
1.6000001	6.799998	-569.5328
1.8000002	6.799998	-569.5328
2.0000002	6.799998	-569.5328
2.2000003	6.799998	-569.5328
2.4000003	6.799998	-569.5328
2.6000004	6.799998	-569.5328
2.8000004	6.799998	-521.7031
3.0000005	6.799998	-521.7031
3.2000005	6.799998	-521.7031
3.4000006	6.799998	-468.559
3.6000006	6.799998	-468.559
3.8000007	6.799998	-409.51
4.0000005	6.799998	-409.51
4.2000003	6.799998	-409.51
4.4	6.799998	-343.9
4.6	6.799998	-343.9
4.7999997	6.799998	-271.0
4.9999995	6.799998	-271.0
5.1999993	6.799998	-271.0
5.399999	6.799998	-190.0
5.599999	6.799998	-190.0
5.7999988	6.799998	-100.0
5.9999986	6.799998	-100.0
6.1999984	6.799998	-100.0
6.399998	6.799998	0.0
6.599998	6.799998	0.0
6.799998	6.799998	0.0
6.9999976	6.799998	0.0
7.1999974	6.799998	0.0
7.399997	6.799998	0.0
7.599997	6.799998	0.0
7.799997	6.799998	0.0
7.9999967	6.799998	0.0
8.199997	6.799998	0.0
8.399997	6.799998	0.0
8.599997	6.799998	0.0
8.799996	6.799998	0.0
8.999996	6.799998	0.0
9.199996	6.799998	0.0
9.399996	6.799998	0.0
9.599996	6.799998	0.0
9.799995	6.799998	0.0
9.999995	6.799998	0.0
0.2	6.9999976	-569.5328
0.4	6.9999976	-569.5328
0.6	6.9999976	-569.5328
0.8	6.9999976	-569.5328
1.0	6.9999976	-569.5328
1.2	6.9999976	-569.5328
1.4000001	6.9999976	-569.5328
1.6000001	6.9999976	-569.5328
1.8000002	6.9999976	-569.5328
2.0000002	6.9999976	-569.5328
2.2000003	6.9999976	-569.5328
2.4000003	6.9999976	-569.5328
2.6000004	6.9999976	-569.5328
2.8000004	6.9999976	-569.5328
3.0000005	6.9999976	-521.7031
3.2000005	6.9999976	-521.7031
3.4000006	6.9999976	-521.7031
3.6000006	6.9999976	-468.559
3.8000007	6.9999976	-468.559
4.0000005	6.9999976	-409.51
4.2000003	6.9999976	-409.51
4.4	6.9999976	-409.51
4.6	6.9999976	-343.9
4.7999997	6.9999976	-343.9
4.9999995	6.9999976	-271.0
5.1999993	6.9999976	-271.0
5.399999	6.9999976	-271.0
5.599999	6.9999976	-190.0
5.7999988	6.9999976	-190.0
5.9999986	6.9999976	-100.0
6.1999984	6.9999976	-100.0
6.399998	6.9999976	-100.0
6.599998	6.9999976	0.0
6.799998	6.9999976	0.0
6.9999976	6.9999976	0.0
7.1999974	6.9999976	0.0
7.399997	6.9999976	0.0
7.599997	6.9999976	0.0
7.799997	6.9999976	0.0
7.9999967	6.9999976	0.0
8.199997	6.9999976	0.0
8.399997	6.9999976	0.0
8.599997	6.9999976	0.0
8.799996	6.9999976	0.0
8.999996	6.9999976	0.0
9.199996	6.9999976	0.0
9.399996	6.9999976	0.0
9.599996	6.9999976	0.0
9.799995	6.9999976	0.0
9.999995	6.9999976	0.0
0.2	7.1999974	-569.5328
0.4	7.1999974	-569.5328
0.6	7.1999974	-569.5328
0.8	7.1999974	-569.5328
1.0	7.1999974	-569.5328
1.2	7.1999974	-569.5328
1.4000001	7.1999974	-569.5328
1.6000001	7.1999974	-569.5328
1.8000002	7.1999974	-569.5328
2.0000002	7.1999974	-569.5328
2.2000003	7.1999974	-569.5328
2.4000003	7.1999974	-569.5328
2.6000004	7.1999974	-569.5328
2.8000004	7.1999974	-569.5328
3.0000005	7.1999974	-569.5328
3.2000005	7.1999974	-521.7031
3.4000006	7.1999974	-521.7031
3.6000006	7.1999974	-521.7031
3.8000007	7.1999974	-468.559
4.0000005	7.1999974	-468.559
4.2000003	7.1999974	-409.51
4.4	7.1999974	-409.51
4.6	7.1999974	-409.51
4.7999997	7.1999974	-343.9
4.9999995	7.1999974	-343.9
5.1999993	7.1999974	-271.0
5.399999	7.1999974	-271.0
5.599999	7.1999974	-271.0
5.7999988	7.1999974	-190.0
5.9999986	7.1999974	-190.0
6.1999984	7.1999974	-100.0
6.399998	7.1999974	-100.0
6.599998	7.1999974	-100.0
6.799998	7.1999974	0.0
6.9999976	7.1999974	0.0
7.1999974	7.1999974	0.0
7.399997	7.1999974	0.0
7.599997	7.1999974	0.0
7.799997	7.1999974	0.0
7.9999967	7.1999974	0.0
8.199997	7.1999974	0.0
8.399997	7.1999974	0.0
8.599997	7.1999974	0.0
8.799996	7.1999974	0.0
8.999996	7.1999974	0.0
9.199996	7.1999974	0.0
9.399996	7.1999974	0.0
9.599996	7.1999974	0.0
9.799995	7.1999974	0.0
9.999995	7.1999974	0.0
0.2	7.399997	-569.5328
0.4	7.399997	-569.5328
0.6	7.399997	-569.5328
0.8	7.399997	-569.5328
1.0	7.399997	-569.5328
1.2	7.399997	-569.5328
1.4000001	7.399997	-569.5328
1.6000001	7.399997	-569.5328
1.8000002	7.399997	-569.5328
2.0000002	7.399997	-569.5328
2.2000003	7.399997	-569.5328
2.4000003	7.399997	-569.5328
2.6000004	7.399997	-569.5328
2.8000004	7.399997	-569.5328
3.0000005	7.399997	-569.5328
3.2000005	7.399997	-569.5328
3.4000006	7.399997	-521.7031
3.6000006	7.399997	-521.7031
3.8000007	7.399997	-521.7031
4.0000005	7.399997	-468.559
4.2000003	7.399997	-468.559
4.4	7.399997	-409.51
4.6	7.399997	-409.51
4.7999997	7.399997	-409.51
4.9999995	7.399997	-343.9
5.1999993	7.399997	-343.9
5.399999	7.399997	-271.0
5.599999	7.399997	-271.0
5.7999988	7.399997	-271.0
5.9999986	7.399997	-190.0
6.1999984	7.399997	-190.0
6.399998	7.399997	-100.0
6.599998	7.399997	-100.0
6.799998	7.399997	-100.0
6.9999976	7.399997	0.0
7.1999974	7.399997	0.0
7.399997	7.399997	0.0
7.599997	7.399997	0.0
7.799997	7.399997	0.0
7.9999967	7.399997	0.0
8.199997	7.399997	0.0
8.399997	7.399997	0.0
8.599997	7.399997	0.0
8.799996	7.399997	0.0
8.999996	7.399997	0.0
9.199996	7.399997	0.0
9.399996	7.399997	0.0
9.599996	7.399997	0.0
9.799995	7.399997	0.0
9.999995	7.399997	0.0
0.2	7.599997	-569.5328
0.4	7.599997	-569.5328
0.6	7.599997	-569.5328
0.8	7.599997	-569.5328
1.0	7.599997	-569.5328
1.2	7.599997	-569.5328
1.4000001	7.599997	-569.5328
1.6000001	7.599997	-569.5328
1.8000002	7.599997	-569.5328
2.0000002	7.599997	-569.5328
2.2000003	7.599997	-569.5328
2.4000003	7.599997	-569.5328
2.6000004	7.599997	-569.5328
2.8000004	7.599997	-569.5328
3.0000005	7.599997	-569.5328
3.2000005	7.599997	-569.5328
3.4000006	7.599997	-569.5328
3.6000006	7.599997	-521.7031
3.8000007	7.599997	-521.7031
4.0000005	7.599997	-521.7031
4.2000003	7.599997	-468.559
4.4	7.599997	-468.559
4.6	7.599997	-409.51
4.7999997	7.599997	-409.51
4.9999995	7.599997	-409.51
5.1999993	7.599997	-343.9
5.399999	7.599997	-343.9
5.599999	7.599997	-271.0
5.7999988	7.599997	-271.0
5.9999986	7.599997	-271.0
6.1999984	7.599997	-190.0
6.399998	7.599997	-190.0
6.599998	7.599997	-100.0
6.799998	7.599997	-100.0
6.9999976	7.599997	-100.0
7.1999974	7.599997	0.0
7.399997	7.599997	0.0
7.599997	7.599997	0.0
7.799997	7.599997	0.0
7.9999967	7.599997	0.0
8.199997	7.599997	0.0
8.399997	7.599997	0.0
8.599997	7.599997	0.0
8.799996	7.599997	0.0
8.999996	7.599997	0.0
9.199996	7.599997	0.0
9.399996	7.599997	0.0
9.599996	7.599997	0.0
9.799995	7.599997	0.0
9.999995	7.599997	0.0
0.2	7.799997	-569.5328
0.4	7.799997	-569.5328
0.6	7.799997	-569.5328
0.8	7.799997	-569.5328
1.0	7.799997	-569.5328
1.2	7.799997	-569.5328
1.4000001	7.799997	-569.5328
1.6000001	7.799997	-569.5328
1.8000002	7.799997	-569.5328
2.0000002	7.799997	-569.5328
2.2000003	7.799997	-569.5328
2.4000003	7.799997	-569.5328
2.6000004	7.799997	-569.5328
2.8000004	7.799997	-569.5328
3.0000005	7.799997	-569.5328
3.2000005	7.799997	-569.5328
3.4000006	7.799997	-569.5328
3.6000006	7.799997	-569.5328
3.8000007	7.799997	-521.7031
4.0000005	7.799997	-521.7031
4.2000003	7.799997	-521.7031
4.4	7.799997	-468.559
4.6	7.799997	-468.559
4.7999997	7.799997	-409.51
4.9999995	7.799997	-409.51
5.1999993	7.799997	-409.51
5.399999	7.799997	-343.9
5.599999	7.799997	-343.9
5.7999988	7.799997	-271.0
5.9999986	7.799997	-271.0
6.1999984	7.799997	-271.0
6.399998	7.799997	-190.0
6.599998	7.799997	-190.0
6.799998	7.799997	-100.0
6.9999976	7.799997	-100.0
7.1999974	7.799997	-100.0
7.399997	7.799997	0.0
7.599997	7.799997	0.0
7.799997	7.799997	0.0
7.9999967	7.799997	0.0
8.199997	7.799997	0.0
8.399997	7.799997	0.0
8.599997	7.799997	0.0
8.799996	7.799997	0.0
8.999996	7.799997	0.0
9.199996	7.799997	0.0
9.399996	7.799997	0.0
9.599996	7.799997	0.0
9.799995	7.799997	0.0
9.999995	7.799997	0.0
0.2	7.9999967	-569.5328
0.4	7.9999967	-569.5328
0.6	7.9999967	-569.5328
0.8	7.9999967	-569.5328
1.0	7.9999967	-569.5328
1.2	7.9999967	-569.5328
1.4000001	7.9999967	-569.5328
1.6000001	7.9999967	-569.5328
1.8000002	7.9999967	-569.5328
2.0000002	7.9999967	-569.5328
2.2000003	7.9999967	-569.5328
2.4000003	7.9999967	-569.5328
2.6000004	7.9999967	-569.5328
2.8000004	7.9999967	-569.5328
3.0000005	7.9999967	-569.5328
3.2000005	7.9999967	-569.5328
3.4000006	7.9999967	-569.5328
3.6000006	7.9999967	-569.5328
3.8000007	7.9999967	-569.5328
4.0000005	7.9999967	-521.7031
4.2000003	7.9999967	-521.7031
4.4	7.9999967	-521.7031
4.6	7.9999967	-468.559
4.7999997	7.9999967	-468.559
4.9999995	7.9999967	-409.51
5.1999993	7.9999967	-409.51
5.399999	7.9999967	-409.51
5.599999	7.9999967	-343.9
5.7999988	7.9999967	-343.9
5.9999986	7.9999967	-271.0
6.1999984	7.9999967	-271.0
6.399998	7.9999967	-271.0
6.599998	7.9999967	-190.0
6.799998	7.9999967	-190.0
6.9999976	7.9999967	-100.0
7.1999974	7.9999967	-100.0
7.399997	7.9999967	-100.0
7.599997	7.9999967	0.0
7.799997	7.9999967	0.0
7.9999967	7.9999967	0.0
8.199997	7.9999967	0.0
8.399997	7.9999967	0.0
8.599997	7.9999967	0.0
8.799996	7.9999967	0.0
8.999996	7.9999967	0.0
9.199996	7.9999967	0.0
9.399996	7.9999967	0.0
9.599996	7.9999967	0.0
9.799995	7.9999967	0.0
9.999995	7.9999967	0.0
0.2	8.199997	-569.5328
0.4	8.199997	-569.5328
0.6	8.199997	-569.5328
0.8	8.199997	-569.5328
1.0	8.199997	-569.5328
1.2	8.199997	-569.5328
1.4000001	8.199997	-569.5328
1.6000001	8.199997	-569.5328
1.8000002	8.199997	-569.5328
2.0000002	8.199997	-569.5328
2.2000003	8.199997	-569.5328
2.4000003	8.199997	-569.5328
2.6000004	8.199997	-569.5328
2.8000004	8.199997	-569.5328
3.0000005	8.199997	-569.5328
3.2000005	8.199997	-569.5328
3.4000006	8.199997	-569.5328
3.6000006	8.199997	-569.5328
3.8000007	8.199997	-569.5328
4.0000005	8.199997	-569.5328
4.2000003	8.199997	-521.7031
4.4	8.199997	-521.7031
4.6	8.199997	-521.7031
4.7999997	8.199997	-468.559
4.9999995	8.199997	-468.559
5.1999993	8.199997	-409.51
5.399999	8.199997	-409.51
5.599999	8.199997	-409.51
5.7999988	8.199997	-343.9
5.9999986	8.199997	-343.9
6.1999984	8.199997	-271.0
6.399998	8.199997	-271.0
6.599998	8.199997	-271.0
6.799998	8.199997	-190.0
6.9999976	8.199997	-190.0
7.1999974	8.199997	-100.0
7.399997	8.199997	-100.0
7.599997	8.199997	-100.0
7.799997	8.199997	0.0
7.9999967	8.199997	0.0
8.199997	8.199997	0.0
8.399997	8.199997	0.0
8.599997	8.199997	0.0
8.799996	8.199997	0.0
8.999996	8.199997	0.0
9.199996	8.199997	0.0
9.399996	8.199997	0.0
9.599996	8.199997	0.0
9.799995	8.199997	0.0
9.999995	8.199997	0.0
0.2	8.399997	-569.5328
0.4	8.399997	-569.5328
0.6	8.399997	-569.5328
0.8	8.399997	-569.5328
1.0	8.399997	-569.5328
1.2	8.399997	-569.5328
1.4000001	8.399997	-569.5328
1.6000001	8.399997	-569.5328
1.8000002	8.399997	-569.5328
2.0000002	8.399997	-569.5328
2.2000003	8.399997	-569.5328
2.4000003	8.399997	-569.5328
2.6000004	8.399997	-569.5328
2.8000004	8.399997	-569.5328
3.0000005	8.399997	-569.5328
3.2000005	8.399997	-569.5328
3.4000006	8.399997	-569.5328
3.6000006	8.399997	-569.5328
3.8000007	8.399997	-569.5328
4.0000005	8.399997	-569.5328
4.2000003	8.399997	-569.5328
4.4	8.399997	-521.7031
4.6	8.399997	-521.7031
4.7999997	8.399997	-521.7031
4.9999995	8.399997	-468.559
5.1999993	8.399997	-468.559
5.399999	8.399997	-409.51
5.599999	8.399997	-409.51
5.7999988	8.399997	-409.51
5.9999986	8.399997	-343.9
6.1999984	8.399997	-343.9
6.399998	8.399997	-271.0
6.599998	8.399997	-271.0
6.799998	8.399997	-271.0
6.9999976	8.399997	-190.0
7.1999974	8.399997	-190.0
7.399997	8.399997	-100.0
7.599997	8.399997	-100.0
7.799997	8.399997	-100.0
7.9999967	8.399997	0.0
8.199997	8.399997	0.0
8.399997	8.399997	0.0
8.599997	8.399997	0.0
8.799996	8.399997	0.0
8.999996	8.399997	0.0
9.199996	8.399997	0.0
9.399996	8.399997	0.0
9.599996	8.399997	0.0
9.799995	8.399997	0.0
9.999995	8.399997	0.0
0.2	8.599997	-569.5328
0.4	8.599997	-569.5328
0.6	8.599997	-569.5328
0.8	8.599997	-569.5328
1.0	8.599997	-569.5328
1.2	8.599997	-569.5328
1.4000001	8.599997	-569.5328
1.6000001	8.599997	-569.5328
1.8000002	8.599997	-569.5328
2.0000002	8.599997	-569.5328
2.2000003	8.599997	-569.5328
2.4000003	8.599997	-569.5328
2.6000004	8.599997	-569.5328
2.8000004	8.599997	-569.5328
3.0000005	8.599997	-569.5328
3.2000005	8.599997	-569.5328
3.4000006	8.599997	-569.5328
3.6000006	8.599997	-569.5328
3.8000007	8.599997	-569.5328
4.0000005	8.599997	-569.5328
4.2000003	8.599997	-569.5328
4.4	8.599997	-569.5328
4.6	8.599997	-521.7031
4.7999997	8.599997	-521.7031
4.9999995	8.599997	-521.7031
5.1999993	8.599997	-468.559
5.399999	8.599997	-468.559
5.599999	8.599997	-409.51
5.7999988	8.599997	-409.51
5.9999986	8.599997	-409.51
6.1999984	8.599997	-343.9
6.399998	8.599997	-343.9
6.599998	8.599997	-271.0
6.799998	8.599997	-271.0
6.9999976	8.599997	-271.0
7.1999974	8.599997	-190.0
7.399997	8.599997	-190.0
7.599997	8.599997	-100.0
7.799997	8.599997	-100.0
7.9999967	8.599997	-100.0
8.199997	8.599997	0.0
8.399997	8.599997	0.0
8.599997	8.599997	0.0
8.799996	8.599997	0.0
8.999996	8.599997	0.0
9.199996	8.599997	0.0
9.399996	8.599997	0.0
9.599996	8.599997	0.0
9.799995	8.599997	0.0
9.999995	8.599997	0.0
0.2	8.799996	-569.5328
0.4	8.799996	-569.5328
0.6	8.799996	-569.5328
0.8	8.799996	-569.5328
1.0	8.799996	-569.5328
1.2	8.799996	-569.5328
1.4000001	8.799996	-569.5328
1.6000001	8.799996	-569.5328
1.8000002	8.799996	-569.5328
2.0000002	8.799996	-569.5328
2.2000003	8.799996	-569.5328
2.4000003	8.799996	-569.5328
2.6000004	8.799996	-569.5328
2.8000004	8.799996	-569.5328
3.0000005	8.799996	-569.5328
3.2000005	8.799996	-569.5328
3.4000006	8.799996	-569.5328
3.6000006	8.799996	-569.5328
3.8000007	8.799996	-569.5328
4.0000005	8.799996	-569.5328
4.2000003	8.799996	-569.5328
4.4	8.799996	-569.5328
4.6	8.799996	-569.5328
4.7999997	8.799996	-521.7031
4.9999995	8.799996	-521.7031
5.1999993	8.799996	-521.7031
5.399999	8.799996	-468.559
5.599999	8.799996	-468.559
5.7999988	8.799996	-409.51
5.9999986	8.799996	-409.51
6.1999984	8.799996	-409.51
6.399998	8.799996	-343.9
6.599998	8.799996	-343.9
6.799998	8.799996	-271.0
6.9999976	8.799996	-271.0
7.1999974	8.799996	-271.0
7.399997	8.799996	-190.0
7.599997	8.799996	-190.0
7.799997	8.799996	-100.0
7.9999967	8.799996	-100.0
8.199997	8.799996	-100.0
8.399997	8.799996	0.0
8.599997	8.799996	0.0
8.799996	8.799996	0.0
8.999996	8.799996	0.0
9.199996	8.799996	0.0
9.399996	8.799996	0.0
9.599996	8.799996	0.0
9.799995	8.799996	0.0
9.999995	8.799996	0.0
0.2	8.999996	-569.5328
0.4	8.999996	-569.5328
0.6	8.999996	-569.5328
0.8	8.999996	-569.5328
1.0	8.999996	-569.5328
1.2	8.999996	-569.5328
1.4000001	8.999996	-569.5328
1.6000001	8.999996	-569.5328
1.8000002	8.999996	-569.5328
2.0000002	8.999996	-569.5328
2.2000003	8.999996	-569.5328
2.4000003	8.999996	-569.5328
2.6000004	8.999996	-569.5328
2.8000004	8.999996	-569.5328
3.0000005	8.999996	-569.5328
3.2000005	8.999996	-569.5328
3.4000006	8.999996	-569.5328
3.6000006	8.999996	-569.5328
3.8000007	8.999996	-569.5328
4.0000005	8.999996	-569.5328
4.2000003	8.999996	-569.5328
4.4	8.999996	-569.5328
4.6	8.999996	-569.5328
4.7999997	8.999996	-569.5328
4.9999995	8.999996	-521.7031
5.1999993	8.999996	-521.7031
5.399999	8.999996	-521.7031
5.599999	8.999996	-468.559
5.7999988	8.999996	-468.559
5.9999986	8.999996	-409.51
6.1999984	8.999996	-409.51
6.399998	8.999996	-409.51
6.599998	8.999996	-343.9
6.799998	8.999996	-343.9
6.9999976	8.999996	-271.0
7.1999974	8.999996	-271.0
7.399997	8.999996	-271.0
7.599997	8.999996	-190.0
7.799997	8.999996	-190.0
7.9999967	8.999996	-100.0
8.199997	8.999996	-100.0
8.399997	8.999996	-100.0
8.599997	8.999996	0.0
8.799996	8.999996	0.0
8.999996	8.999996	0.0
9.199996	8.999996	0.0
9.399996	8.999996	0.0
9.599996	8.999996	0.0
9.799995	8.999996	0.0
9.999995	8.999996	0.0
0.2	9.199996	-569.5328
0.4	9.199996	-569.5328
0.6	9.199996	-569.5328
0.8	9.199996	-569.5328
1.0	9.199996	-569.5328
1.2	9.199996	-569.5328
1.4000001	9.199996	-569.5328
1.6000001	9.199996	-569.5328
1.8000002	9.199996	-569.5328
2.0000002	9.199996	-569.5328
2.2000003	9.199996	-569.5328
2.4000003	9.199996	-569.5328
2.6000004	9.199996	-569.5328
2.8000004	9.199996	-569.5328
3.0000005	9.199996	-569.5328
3.2000005	9.199996	-569.5328
3.4000006	9.199996	-569.5328
3.6000006	9.199996	-569.5328
3.8000007	9.199996	-569.5328
4.0000005	9.199996	-569.5328
4.2000003	9.199996	-569.5328
4.4	9.199996	-569.5328
4.6	9.199996	-569.5328
4.7999997	9.199996	-569.5328
4.9999995	9.199996	-569.5328
5.1999993	9.199996	-521.7031
5.399999	9.199996	-521.7031
5.599999	9.199996	-521.7031
5.7999988	9.199996	-468.559
5.9999986	9.199996	-468.559
6.1999984	9.199996	-409.51
6.399998	9.199996	-409.51
6.599998	9.199996	-409.51
6.799998	9.199996	-343.9
6.9999976	9.199996	-343.9
7.1999974	9.199996	-271.0
7.399997	9.199996	-271.0
7.599997	9.199996	-271.0
7.799997	9.199996	-190.0
7.9999967	9.199996	-190.0
8.199997	9.199996	-100.0
8.399997	9.199996	-100.0
8.599997	9.199996	-100.0
8.799996	9.199996	0.0
8.999996	9.199996	0.0
9.199996	9.199996	0.0
9.399996	9.199996	0.0
9.599996	9.199996	0.0
9.799995	9.199996	0.0
9.999995	9.199996	0.0
0.2	9.399996	-569.5328
0.4	9.399996	-569.5328
0.6	9.399996	-569.5328
0.8	9.399996	-569.5328
1.0	9.399996	-569.5328
1.2	9.399996	-569.5328
1.4000001	9.399996	-569.5328
1.6000001	9.399996	-569.5328
1.8000002	9.399996	-569.5328
2.0000002	9.399996	-569.5328
2.2000003	9.399996	-569.5328
2.4000003	9.399996	-569.5328
2.6000004	9.399996	-569.5328
2.8000004	9.399996	-569.5328
3.0000005	9.399996	-569.5328
3.2000005	9.399996	-569.5328
3.4000006	9.399996	-569.5328
3.6000006	9.399996	-569.5328
3.8000007	9.399996	-569.5328
4.0000005	9.399996	-569.5328
4.2000003	9.399996	-569.5328
4.4	9.399996	-569.5328
4.6	9.399996	-569.5328
4.7999997	9.399996	-569.5328
4.9999995	9.399996	-569.5328
5.1999993	9.399996	-569.5328
5.399999	9.399996	-521.7031
5.599999	9.399996	-521.7031
5.7999988	9.399996	-521.7031
5.9999986	9.399996	-468.559
6.1999984	9.399996	-468.559
6.399998	9.399996	-409.51
6.599998	9.399996	-409.51
6.799998	9.399996	-409.51
6.9999976	9.399996	-343.9
7.1999974	9.399996	-343.9
7.399997	9.399996	-271.0
7.599997	9.399996	-271.0
7.799997	9.399996	-271.0
7.9999967	9.399996	-190.0
8.199997	9.399996	-190.0
8.399997	9.399996	-100.0
8.599997	9.399996	-100.0
8.799996	9.399996	-100.0
8.999996	9.399996	0.0
9.199996	9.399996	0.0
9.399996	9.399996	0.0
9.599996	9.399996	0.0
9.799995	9.399996	0.0
9.999995	9.399996	0.0
0.2	9.599996	-569.5328
0.4	9.599996	-569.5328
0.6	9.599996	-569.5328
0.8	9.599996	-569.5328
1.0	9.599996	-569.5328
1.2	9.599996	-569.5328
1.4000001	9.599996	-569.5328
1.6000001	9.599996	-569.5328
1.8000002	9.599996	-569.5328
2.0000002	9.599996	-569.5328
2.2000003	9.599996	-569.5328
2.4000003	9.599996	-569.5328
2.6000004	9.599996	-569.5328
2.8000004	9.599996	-569.5328
3.0000005	9.599996	-569.5328
3.2000005	9.599996	-569.5328
3.4000006	9.599996	-569.5328
3.6000006	9.599996	-569.5328
3.8000007	9.599996	-569.5328
4.0000005	9.599996	-569.5328
4.2000003	9.599996	-569.5328
4.4	9.599996	-569.5328
4.6	9.599996	-569.5328
4.7999997	9.599996	-569.5328
4.9999995	9.599996	-569.5328
5.1999993	9.599996	-569.5328
5.399999	9.599996	-569.5328
5.599999	9.599996	-521.7031
5.7999988	9.599996	-521.7031
5.9999986	9.599996	-521.7031
6.1999984	9.599996	-468.559
6.399998	9.599996	-468.559
6.599998	9.599996	-409.51
6.799998	9.599996	-409.51
6.9999976	9.599996	-409.51
7.1999974	9.599996	-343.9
7.399997	9.599996	-343.9
7.599997	9.599996	-271.0
7.799997	9.599996	-271.0
7.9999967	9.599996	-271.0
8.199997	9.599996	-190.0
8.399997	9.599996	-190.0
8.599997	9.599996	-100.0
8.799996	9.599996	-100.0
8.999996	9.599996	-100.0
9.199996	9.599996	0.0
9.399996	9.599996	0.0
9.599996	9.599996	0.0
9.799995	9.599996	0.0
9.999995	9.599996	0.0
0.2	9.799995	-569.5328
0.4	9.799995	-569.5328
0.6	9.799995	-569.5328
0.8	9.799995	-569.5328
1.0	9.799995	-569.5328
1.2	9.799995	-569.5328
1.4000001	9.799995	-569.5328
1.6000001	9.799995	-569.5328
1.8000002	9.799995	-569.5328
2.0000002	9.799995	-569.5328
2.2000003	9.799995	-569.5328
2.4000003	9.799995	-569.5328
2.6000004	9.799995	-569.5328
2.8000004	9.799995	-569.5328
3.0000005	9.799995	-569.5328
3.2000005	9.799995	-569.5328
3.4000006	9.799995	-569.5328
3.6000006	9.799995	-569.5328
3.8000007	9.799995	-569.5328
4.0000005	9.799995	-569.5328
4.2000003	9.799995	-569.5328
4.4	9.799995	-569.5328
4.6	9.799995	-569.5328
4.7999997	9.799995	-569.5328
4.9999995	9.799995	-569.5328
5.1999993	9.799995	-569.5328
5.399999	9.799995	-569.5328
5.599999	9.799995	-569.5328
5.7999988	9.799995	-521.7031
5.9999986	9.799995	-521.7031
6.1999984	9.799995	-521.7031
6.399998	9.799995	-468.559
6.599998	9.799995	-468.559
6.799998	9.799995	-409.51
6.9999976	9.799995	-409.51
7.1999974	9.799995	-409.51
7.399997	9.799995	-343.9
7.599997	9.799995	-343.9
7.799997	9.799995	-271.0
7.9999967	9.799995	-271.0
8.199997	9.799995	-271.0
8.399997	9.799995	-190.0
8.599997	9.799995	-190.0
8.799996	9.799995	-100.0
8.999996	9.799995	-100.0
9.199996	9.799995	-100.0
9.399996	9.799995	0.0
9.599996	9.799995	0.0
9.799995	9.799995	0.0
9.999995	9.799995	0.0
0.2	9.999995	-569.5328
0.4	9.999995	-569.5328
0.6	9.999995	-569.5328
0.8	9.999995	-569.5328
1.0	9.999995	-569.5328
1.2	9.999995	-569.5328
1.4000001	9.999995	-569.5328
1.6000001	9.999995	-569.5328
1.8000002	9.999995	-569.5328
2.0000002	9.999995	-569.5328
2.2000003	9.999995	-569.5328
2.4000003	9.999995	-569.5328
2.6000004	9.999995	-569.5328
2.8000004	9.999995	-569.5328
3.0000005	9.999995	-569.5328
3.2000005	9.999995	-569.5328
3.4000006	9.999995	-569.5328
3.6000006	9.999995	-569.5328
3.8000007	9.999995	-569.5328
4.0000005	9.999995	-569.5328
4.2000003	9.999995	-569.5328
4.4	9.999995	-569.5328
4.6	9.999995	-569.5328
4.7999997	9.999995	-569.5328
4.9999995	9.999995	-569.5328
5.1999993	9.999995	-569.5328
5.399999	9.999995	-569.5328
5.599999	9.999995	-569.5328
5.7999988	9.999995	-569.5328
5.9999986	9.999995	-521.7031
6.1999984	9.999995	-521.7031
6.399998	9.999995	-521.7031
6.599998	9.999995	-468.559
6.799998	9.999995	-468.559
6.9999976	9.999995	-409.51
7.1999974	9.999995	-409.51
7.399997	9.999995	-409.51
7.599997	9.999995	-343.9
7.799997	9.999995	-343.9
7.9999967	9.999995	-271.0
8.199997	9.999995	-271.0
8.399997	9.999995	-271.0
8.599997	9.999995	-190.0
8.799996	9.999995	-190.0
8.999996	9.999995	-100.0
9.199996	9.999995	-100.0
9.399996	9.999995	-100.0
9.599996	9.999995	0.0
9.799995	9.999995	0.0
9.999995	9.999995	0.0
