-500.0	4.998635999999999
-499.0	5.002528999999999
-498.0	5.006422
-497.0	5.010314999999999
-496.0	5.014208
-495.0	5.018101
-494.0	5.021993999999999
-493.0	5.025886999999999
-492.0	5.02978
-491.0	5.033672999999999
-490.0	5.037566
-489.0	5.041459
-488.0	5.045351999999999
-487.0	5.049245
-486.0	5.053138
-485.0	5.057030999999999
-484.0	5.060924
-483.0	5.064817
-482.0	5.068709999999999
-481.0	5.072603
-480.0	5.076496
-479.0	5.080388999999999
-478.0	5.084282
-477.0	5.088175
-476.0	5.092067999999999
-475.0	5.095961
-474.0	5.099854
-473.0	5.103746999999999
-472.0	5.10764
-471.0	5.111533
-470.0	5.115425999999999
-469.0	5.119319
-468.0	5.123212
-467.0	5.127104999999999
-466.0	5.130998
-465.0	5.134891
-464.0	5.138783999999999
-463.0	5.142677
-462.0	5.14657
-461.0	5.150462999999999
-460.0	5.154356
-459.0	5.158249
-458.0	5.162141999999999
-457.0	5.166035
-456.0	5.169928
-455.0	5.173820999999999
-454.0	5.177714
-453.0	5.181607
-452.0	5.185499999999999
-451.0	5.189393
-450.0	5.193286
-449.0	5.197179
-448.0	5.201072
-447.0	5.204965
-446.0	5.208857999999999
-445.0	5.212751
-444.0	5.216644
-443.0	5.220537
-442.0	5.22443
-441.0	5.228323
-440.0	5.232215999999999
-439.0	5.236109
-438.0	5.240002
-437.0	5.243895
-436.0	5.247788
-435.0	5.251681
-434.0	5.255573999999999
-433.0	5.259467
-432.0	5.26336
-431.0	5.267253
-430.0	5.271146
-429.0	5.275039
-428.0	5.278931999999999
-427.0	5.282825
-426.0	5.286718
-425.0	5.290611
-424.0	5.294504
-423.0	5.298397
-422.0	5.302289999999999
-421.0	5.306183
-420.0	5.310076
-419.0	5.313969
-418.0	5.317862
-417.0	5.321755
-416.0	5.325647999999999
-415.0	5.329541
-414.0	5.333434
-413.0	5.337327
-412.0	5.34122
-411.0	5.345113
-410.0	5.349005999999999
-409.0	5.352899
-408.0	5.3567919999999996
-407.0	5.360685
-406.0	5.364578
-405.0	5.3684709999999995
-404.0	5.372363999999999
-403.0	5.376257
-402.0	5.3801499999999995
-401.0	5.384043
-400.0	5.387936
-399.0	5.3918289999999995
-398.0	5.395721999999999
-397.0	5.399615
-396.0	5.4035079999999995
-395.0	5.407401
-394.0	5.411294
-393.0	5.4151869999999995
-392.0	5.419079999999999
-391.0	5.422973
-390.0	5.4268659999999995
-389.0	5.430759
-388.0	5.434652
-387.0	5.4385449999999995
-386.0	5.442437999999999
-385.0	5.446331
-384.0	5.4502239999999995
-383.0	5.454117
-382.0	5.45801
-381.0	5.4619029999999995
-380.0	5.465795999999999
-379.0	5.469689
-378.0	5.4735819999999995
-377.0	5.477475
-376.0	5.481368
-375.0	5.4852609999999995
-374.0	5.489153999999999
-373.0	5.493047
-372.0	5.4969399999999995
-371.0	5.500833
-370.0	5.504726
-369.0	5.5086189999999995
-368.0	5.512511999999999
-367.0	5.516405
-366.0	5.5202979999999995
-365.0	5.524191
-364.0	5.528084
-363.0	5.5319769999999995
-362.0	5.535869999999999
-361.0	5.539763
-360.0	5.5436559999999995
-359.0	5.547549
-358.0	5.551442
-357.0	5.5553349999999995
-356.0	5.559227999999999
-355.0	5.563121
-354.0	5.5670139999999995
-353.0	5.570907
-352.0	5.5748
-351.0	5.5786929999999995
-350.0	5.582585999999999
-349.0	5.586479
-348.0	5.5903719999999995
-347.0	5.594265
-346.0	5.598158
-345.0	5.6020509999999994
-344.0	5.605943999999999
-343.0	5.609837
-342.0	5.613729999999999
-341.0	5.617623
-340.0	5.621516
-339.0	5.625408999999999
-338.0	5.629301999999999
-337.0	5.633195
-336.0	5.637087999999999
-335.0	5.640981
-334.0	5.644874
-333.0	5.648766999999999
-332.0	5.65266
-331.0	5.656553
-330.0	5.660445999999999
-329.0	5.664339
-328.0	5.668232
-327.0	5.672124999999999
-326.0	5.676018
-325.0	5.679911
-324.0	5.683803999999999
-323.0	5.687697
-322.0	5.69159
-321.0	5.695482999999999
-320.0	5.699376
-319.0	5.703269
-318.0	5.707161999999999
-317.0	5.711055
-316.0	5.714948
-315.0	5.718840999999999
-314.0	5.722734
-313.0	5.726627
-312.0	5.730519999999999
-311.0	5.734413
-310.0	5.738306
-309.0	5.742198999999999
-308.0	5.746092
-307.0	5.749985
-306.0	5.753877999999999
-305.0	5.757771
-304.0	5.761664
-303.0	5.765556999999999
-302.0	5.76945
-301.0	5.773343
-300.0	5.777235999999999
-299.0	5.781129
-298.0	5.785022
-297.0	5.788914999999999
-296.0	5.792808
-295.0	5.796701
-294.0	5.800594
-293.0	5.804487
-292.0	5.80838
-291.0	5.812272999999999
-290.0	5.816166
-289.0	5.820059
-288.0	5.823952
-287.0	5.827845
-286.0	5.831738
-285.0	5.835630999999999
-284.0	5.839524
-283.0	5.843417
-282.0	5.84731
-281.0	5.851203
-280.0	5.855096
-279.0	5.858988999999999
-278.0	5.862882
-277.0	5.866775
-276.0	5.870668
-275.0	5.874561
-274.0	5.878454
-273.0	5.882346999999999
-272.0	5.88624
-271.0	5.890133
-270.0	5.894026
-269.0	5.897919
-268.0	5.901812
-267.0	5.905704999999999
-266.0	5.909598
-265.0	5.913491
-264.0	5.917384
-263.0	5.921277
-262.0	5.92517
-261.0	5.929062999999999
-260.0	5.932956
-259.0	5.936849
-258.0	5.940742
-257.0	5.944635
-256.0	5.948528
-255.0	5.952420999999999
-254.0	5.956314
-253.0	5.960207
-252.0	5.9641
-251.0	5.967993
-250.0	5.971886
-249.0	5.975778999999999
-248.0	5.979672
-247.0	5.983565
-246.0	5.987458
-245.0	5.991351
-244.0	5.995244
-243.0	5.999136999999999
-242.0	6.00303
-241.0	6.006923
-240.0	6.010816
-239.0	6.014709
-238.0	6.018602
-237.0	6.022494999999999
-236.0	6.026388
-235.0	6.030281
-234.0	6.034174
-233.0	6.038067
-232.0	6.0419599999999996
-231.0	6.045852999999999
-230.0	6.049746
-229.0	6.0536389999999995
-228.0	6.057532
-227.0	6.061425
-226.0	6.0653179999999995
-225.0	6.069210999999999
-224.0	6.073104
-223.0	6.0769969999999995
-222.0	6.08089
-221.0	6.084783
-220.0	6.0886759999999995
-219.0	6.092568999999999
-218.0	6.096462
-217.0	6.1003549999999995
-216.0	6.104248
-215.0	6.108141
-214.0	6.1120339999999995
-213.0	6.115926999999999
-212.0	6.11982
-211.0	6.1237129999999995
-210.0	6.127606
-209.0	6.131499
-208.0	6.1353919999999995
-207.0	6.139284999999999
-206.0	6.143178
-205.0	6.1470709999999995
-204.0	6.150964
-203.0	6.154857
-202.0	6.1587499999999995
-201.0	6.162643
-200.0	6.166536
-199.0	6.1704289999999995
-198.0	6.174322
-197.0	6.178215
-196.0	6.1821079999999995
-195.0	6.186001
-194.0	6.189894
-193.0	6.1937869999999995
-192.0	6.19768
-191.0	6.201573
-190.0	6.2054659999999995
-189.0	6.209359
-188.0	6.213252
-187.0	6.2171449999999995
-186.0	6.221038
-185.0	6.224931
-184.0	6.2288239999999995
-183.0	6.232717
-182.0	6.23661
-181.0	6.2405029999999995
-180.0	6.244396
-179.0	6.248289
-178.0	6.2521819999999995
-177.0	6.256075
-176.0	6.259968
-175.0	6.2638609999999995
-174.0	6.267754
-173.0	6.271647
-172.0	6.2755399999999995
-171.0	6.279433
-170.0	6.283326
-169.0	6.2872189999999994
-168.0	6.291112
-167.0	6.295005
-166.0	6.298897999999999
-165.0	6.302791
-164.0	6.306684
-163.0	6.310576999999999
-162.0	6.31447
-161.0	6.318363
-160.0	6.322255999999999
-159.0	6.326149
-158.0	6.330042
-157.0	6.333934999999999
-156.0	6.337828
-155.0	6.341721
-154.0	6.345613999999999
-153.0	6.349507
-152.0	6.3534
-151.0	6.357292999999999
-150.0	6.361186
-149.0	6.365079
-148.0	6.368971999999999
-147.0	6.372865
-146.0	6.376758
-145.0	6.380650999999999
-144.0	6.384544
-143.0	6.388437
-142.0	6.392329999999999
-141.0	6.396223
-140.0	6.400116
-139.0	6.404008999999999
-138.0	6.407902
-137.0	6.411795
-136.0	6.415687999999999
-135.0	6.419581
-134.0	6.423474
-133.0	6.427366999999999
-132.0	6.43126
-131.0	6.435153
-130.0	6.439045999999999
-129.0	6.442939
-128.0	6.446832
-127.0	6.450724999999999
-126.0	6.454618
-125.0	6.458511
-124.0	6.462403999999999
-123.0	6.466297
-122.0	6.47019
-121.0	6.474082999999999
-120.0	6.477976
-119.0	6.481869
-118.0	6.485761999999999
-117.0	6.489655
-116.0	6.493548
-115.0	6.497440999999999
-114.0	6.501334
-113.0	6.505227
-112.0	6.509119999999999
-111.0	6.513013
-110.0	6.516906
-109.0	6.520798999999999
-108.0	-44.981168
-107.0	-43.147456000000005
-106.0	-41.313743999999986
-105.0	-39.480031999999994
-104.0	-37.64632
-103.0	-35.81260799999998
-102.0	-33.97889599999999
-101.0	-32.145184
-100.0	-30.31147199999998
-99.0	6.559729
-98.0	6.563622
-97.0	6.567514999999999
-96.0	6.571408
-95.0	6.575301
-94.0	6.579193999999999
-93.0	-17.475487999999984
-92.0	-15.641775999999993
-91.0	-13.808064000000002
-90.0	-11.974351999999982
-89.0	-10.14063999999999
-88.0	-8.306928
-87.0	-6.473216000000008
-86.0	-4.639503999999988
-85.0	-2.8057919999999967
-84.0	-0.9720800000000054
-83.0	0.8616320000000144
-82.0	2.6953440000000057
-81.0	4.529055999999997
-80.0	6.362768000000017
-79.0	8.196480000000008
-78.0	10.030192
-77.0	11.86390400000002
-76.0	13.69761600000001
-75.0	15.531328000000002
-74.0	17.365039999999993
-73.0	19.198752000000013
-72.0	21.032464000000004
-71.0	22.866175999999996
-70.0	24.699888000000016
-69.0	26.533600000000007
-68.0	28.367312000000013
-67.0	30.201024000000004
-66.0	32.03473600000001
-65.0	33.868448
-64.0	35.702160000000006
-63.0	37.53587200000001
-62.0	39.369584
-61.0	41.20329600000001
-60.0	43.037008
-59.0	44.870720000000006
-58.0	46.70443200000001
-57.0	48.538144
-56.0	50.37185600000001
-55.0	52.205568
-54.0	54.039280000000005
-53.0	55.87299200000001
-52.0	57.706704
-51.0	59.54041600000001
-50.0	61.37412800000001
-49.0	63.207840000000004
-48.0	65.04155200000001
-47.0	66.875264
-46.0	68.708976
-45.0	70.54268800000001
-44.0	72.3764
-43.0	74.21011200000001
-42.0	76.043824
-41.0	77.877536
-40.0	79.71124800000001
-39.0	81.54496
-38.0	83.37867200000001
-37.0	85.212384
-36.0	87.046096
-35.0	88.87980800000001
-34.0	90.71352000000002
-33.0	92.54723200000001
-32.0	94.380944
-31.0	96.214656
-30.0	98.04836800000001
-29.0	99.88208
-28.0	101.71579200000001
-27.0	103.54950400000001
-26.0	105.383216
-25.0	107.21692800000001
-24.0	109.05064000000002
-23.0	110.884352
-22.0	112.718064
-21.0	114.551776
-20.0	116.38548800000001
-19.0	118.2192
-18.0	120.052912
-17.0	121.88662400000001
-16.0	123.720336
-15.0	125.55404800000001
-14.0	127.38776000000001
-13.0	129.221472
-12.0	131.055184
-11.0	132.88889600000002
-10.0	134.722608
-9.0	136.55632
-8.0	138.39003200000002
-7.0	140.223744
-6.0	142.057456
-5.0	143.891168
-4.0	145.72488
-3.0	147.558592
-2.0	149.392304
-1.0	151.22601600000002
0.0	153.059728
1.0	164.5
2.0	167.5
3.0	170.5
4.0	173.5
5.0	176.5
6.0	179.5
7.0	182.5
8.0	185.5
9.0	188.5
10.0	191.5
11.0	194.5
12.0	197.5
13.0	200.5
14.0	203.5
15.0	206.5
16.0	209.5
17.0	212.5
18.0	215.5
19.0	218.5
20.0	221.5
21.0	224.5
22.0	227.5
23.0	230.5
24.0	233.5
25.0	236.5
26.0	239.5
27.0	242.5
28.0	245.5
29.0	248.5
30.0	251.5
31.0	254.5
32.0	257.5
33.0	260.5
34.0	263.5
35.0	266.5
36.0	269.5
37.0	272.5
38.0	275.5
39.0	278.5
40.0	281.5
41.0	284.5
42.0	287.5
43.0	290.5
44.0	293.5
45.0	296.5
46.0	299.5
47.0	302.5
48.0	305.5
49.0	308.5
50.0	311.5
51.0	314.5
52.0	317.5
53.0	320.5
54.0	323.5
55.0	326.5
56.0	329.5
57.0	332.5
58.0	335.5
59.0	338.5
60.0	341.5
61.0	344.5
62.0	347.5
63.0	350.5
64.0	353.5
65.0	356.5
66.0	359.5
67.0	362.5
68.0	365.5
69.0	368.5
70.0	371.5
71.0	374.5
72.0	377.5
73.0	380.5
74.0	383.5
75.0	386.5
76.0	389.5
77.0	392.5
78.0	395.5
79.0	398.5
80.0	401.5
81.0	404.5
82.0	407.5
83.0	410.5
84.0	413.5
85.0	416.5
86.0	419.5
87.0	422.5
88.0	425.5
89.0	428.5
90.0	431.5
91.0	434.5
92.0	437.5
93.0	440.5
94.0	443.5
95.0	446.5
96.0	449.5
97.0	452.5
98.0	455.5
99.0	458.5
100.0	461.5
101.0	464.5
102.0	467.5
103.0	470.5
104.0	473.5
105.0	476.5
106.0	479.5
107.0	482.5
108.0	485.5
109.0	488.5
110.0	491.5
111.0	494.5
112.0	497.5
113.0	500.5
114.0	503.5
115.0	506.5
116.0	509.5
117.0	512.5
118.0	515.5
119.0	518.5
120.0	521.5
121.0	524.5
122.0	527.5
123.0	530.5
124.0	533.5
125.0	536.5
126.0	539.5
127.0	542.5
128.0	545.5
129.0	548.5
130.0	551.5
131.0	554.5
132.0	557.5
133.0	560.5
134.0	563.5
135.0	566.5
136.0	569.5
137.0	572.5
138.0	575.5
139.0	578.5
140.0	581.5
141.0	584.5
142.0	587.5
143.0	590.5
144.0	593.5
145.0	596.5
146.0	599.5
147.0	602.5
148.0	605.5
149.0	608.5
150.0	611.5
151.0	614.5
152.0	617.5
153.0	620.5
154.0	623.5
155.0	626.5
156.0	629.5
157.0	632.5
158.0	635.5
159.0	638.5
160.0	641.5
161.0	644.5
162.0	647.5
163.0	650.5
164.0	653.5
165.0	656.5
166.0	659.5
167.0	662.5
168.0	665.5
169.0	668.5
170.0	671.5
171.0	674.5
172.0	677.5
173.0	680.5
174.0	683.5
175.0	686.5
176.0	689.5
177.0	692.5
178.0	695.5
179.0	698.5
180.0	701.5
181.0	704.5
182.0	707.5
183.0	710.5
184.0	713.5
185.0	716.5
186.0	719.5
187.0	722.5
188.0	725.5
189.0	728.5
190.0	731.5
191.0	734.5
192.0	737.5
193.0	740.5
194.0	743.5
195.0	746.5
196.0	749.5
197.0	752.5
198.0	755.5
199.0	758.5
200.0	761.5
201.0	764.5
202.0	767.5
203.0	770.5
204.0	773.5
205.0	776.5
206.0	779.5
207.0	782.5
208.0	785.5
209.0	788.5
210.0	791.5
211.0	794.5
212.0	797.5
213.0	800.5
214.0	803.5
215.0	806.5
216.0	809.5
217.0	812.5
218.0	815.5
219.0	818.5
220.0	821.5
221.0	824.5
222.0	827.5
223.0	830.5
224.0	833.5
225.0	836.5
226.0	839.5
227.0	842.5
228.0	845.5
229.0	848.5
230.0	851.5
231.0	854.5
232.0	857.5
233.0	860.5
234.0	863.5
235.0	866.5
236.0	869.5
237.0	872.5
238.0	875.5
239.0	878.5
240.0	881.5
241.0	884.5
242.0	887.5
243.0	890.5
244.0	893.5
245.0	896.5
246.0	899.5
247.0	902.5
248.0	905.5
249.0	908.5
250.0	911.5
251.0	914.5
252.0	917.5
253.0	920.5
254.0	923.5
255.0	926.5
256.0	929.5
257.0	932.5
258.0	935.5
259.0	938.5
260.0	941.5
261.0	944.5
262.0	947.5
263.0	950.5
264.0	953.5
265.0	956.5
266.0	959.5
267.0	962.5
268.0	965.5
269.0	968.5
270.0	971.5
271.0	974.5
272.0	977.5
273.0	980.5
274.0	983.5
275.0	986.5
276.0	989.5
277.0	992.5
278.0	995.5
279.0	998.5
280.0	1001.5
281.0	1004.5
282.0	1007.5
283.0	1010.5
284.0	1013.5
285.0	1016.5
286.0	1019.5
287.0	1022.5
288.0	1025.5
289.0	1028.5
290.0	1031.5
291.0	1034.5
292.0	1037.5
293.0	1040.5
294.0	1043.5
295.0	1046.5
296.0	1049.5
297.0	1052.5
298.0	1055.5
299.0	1058.5
300.0	1061.5
301.0	1064.5
302.0	1067.5
303.0	1070.5
304.0	1073.5
305.0	1076.5
306.0	1079.5
307.0	1082.5
308.0	1085.5
309.0	1088.5
310.0	1091.5
311.0	1094.5
312.0	1097.5
313.0	1100.5
314.0	1103.5
315.0	1106.5
316.0	1109.5
317.0	1112.5
318.0	1115.5
319.0	1118.5
320.0	1121.5
321.0	1124.5
322.0	1127.5
323.0	1130.5
324.0	1133.5
325.0	1136.5
326.0	1139.5
327.0	1142.5
328.0	1145.5
329.0	1148.5
330.0	1151.5
331.0	1154.5
332.0	1157.5
333.0	1160.5
334.0	1163.5
335.0	1166.5
336.0	1169.5
337.0	1172.5
338.0	1175.5
339.0	1178.5
340.0	1181.5
341.0	1184.5
342.0	1187.5
343.0	1190.5
344.0	1193.5
345.0	1196.5
346.0	1199.5
347.0	1202.5
348.0	1205.5
349.0	1208.5
350.0	1211.5
351.0	1214.5
352.0	1217.5
353.0	1220.5
354.0	1223.5
355.0	1226.5
356.0	1229.5
357.0	1232.5
358.0	1235.5
359.0	1238.5
360.0	1241.5
361.0	1244.5
362.0	1247.5
363.0	1250.5
364.0	1253.5
365.0	1256.5
366.0	1259.5
367.0	1262.5
368.0	1265.5
369.0	1268.5
370.0	1271.5
371.0	1274.5
372.0	1277.5
373.0	1280.5
374.0	1283.5
375.0	1286.5
376.0	1289.5
377.0	1292.5
378.0	1295.5
379.0	1298.5
380.0	1301.5
381.0	1304.5
382.0	1307.5
383.0	1310.5
384.0	1313.5
385.0	1316.5
386.0	1319.5
387.0	1322.5
388.0	1325.5
389.0	1328.5
390.0	1331.5
391.0	1334.5
392.0	1337.5
393.0	1340.5
394.0	1343.5
395.0	1346.5
396.0	1349.5
397.0	1352.5
398.0	1355.5
399.0	1358.5
400.0	1361.5
401.0	1364.5
402.0	1367.5
403.0	1370.5
404.0	1373.5
405.0	1376.5
406.0	1379.5
407.0	1382.5
408.0	1385.5
409.0	1388.5
410.0	1391.5
411.0	1394.5
412.0	1397.5
413.0	1400.5
414.0	1403.5
415.0	1406.5
416.0	1409.5
417.0	1412.5
418.0	1415.5
419.0	1418.5
420.0	1421.5
421.0	1424.5
422.0	1427.5
423.0	1430.5
424.0	1433.5
425.0	1436.5
426.0	1439.5
427.0	1442.5
428.0	1445.5
429.0	1448.5
430.0	1451.5
431.0	1454.5
432.0	1457.5
433.0	1460.5
434.0	1463.5
435.0	1466.5
436.0	1469.5
437.0	1472.5
438.0	1475.5
439.0	1478.5
440.0	1481.5
441.0	1484.5
442.0	1487.5
443.0	1490.5
444.0	1493.5
445.0	1496.5
446.0	1499.5
447.0	1502.5
448.0	1505.5
449.0	1508.5
450.0	1511.5
451.0	1514.5
452.0	1517.5
453.0	1520.5
454.0	1523.5
455.0	1526.5
456.0	1529.5
457.0	1532.5
458.0	1535.5
459.0	1538.5
460.0	1541.5
461.0	1544.5
462.0	1547.5
463.0	1550.5
464.0	1553.5
465.0	1556.5
466.0	1559.5
467.0	1562.5
468.0	1565.5
469.0	1568.5
470.0	1571.5
471.0	1574.5
472.0	1577.5
473.0	1580.5
474.0	1583.5
475.0	1586.5
476.0	1589.5
477.0	1592.5
478.0	1595.5
479.0	1598.5
480.0	1601.5
481.0	1604.5
482.0	1607.5
483.0	1610.5
484.0	1613.5
485.0	1616.5
486.0	1619.5
487.0	1622.5
488.0	1625.5
489.0	1628.5
490.0	1631.5
491.0	1634.5
492.0	1637.5
493.0	1640.5
494.0	1643.5
495.0	1646.5
496.0	1649.5
497.0	1652.5
498.0	1655.5
499.0	1658.5
500.0	1661.5
