-500.0	14.033999999999999
-499.0	14.044932
-498.0	14.055864
-497.0	14.066796
-496.0	14.077728
-495.0	14.08866
-494.0	14.099592
-493.0	14.110524
-492.0	14.121455999999998
-491.0	14.132387999999999
-490.0	14.14332
-489.0	14.154252
-488.0	14.165184
-487.0	14.176116
-486.0	14.187048
-485.0	14.19798
-484.0	14.208912
-483.0	14.219843999999998
-482.0	14.230775999999999
-481.0	14.241708
-480.0	14.25264
-479.0	14.263572
-478.0	14.274504
-477.0	14.285436
-476.0	14.296368
-475.0	14.3073
-474.0	14.318232
-473.0	14.329163999999999
-472.0	14.340095999999999
-471.0	14.351028
-470.0	14.36196
-469.0	14.372892
-468.0	14.383824
-467.0	14.394756
-466.0	14.405688
-465.0	14.41662
-464.0	14.427551999999999
-463.0	14.438483999999999
-462.0	14.449416
-461.0	14.460348
-460.0	14.47128
-459.0	14.482212
-458.0	14.493144000000001
-457.0	14.504076
-456.0	14.515008
-455.0	14.525939999999999
-454.0	14.536871999999999
-453.0	14.547804
-452.0	14.558736
-451.0	14.569668
-450.0	14.5806
-449.0	14.591532
-448.0	14.602464
-447.0	14.613396
-446.0	14.624327999999998
-445.0	14.635259999999999
-444.0	14.646192
-443.0	14.657124
-442.0	14.668056
-441.0	14.678988
-440.0	14.68992
-439.0	14.700852
-438.0	14.711784
-437.0	14.722715999999998
-436.0	14.733647999999999
-435.0	14.74458
-434.0	14.755512
-433.0	14.766444
-432.0	14.777376
-431.0	14.788308
-430.0	14.79924
-429.0	14.810172
-428.0	14.821104
-427.0	14.832035999999999
-426.0	14.842967999999999
-425.0	14.8539
-424.0	14.864832
-423.0	14.875764
-422.0	14.886696
-421.0	14.897628000000001
-420.0	14.90856
-419.0	14.919492
-418.0	14.930423999999999
-417.0	14.941355999999999
-416.0	14.952288
-415.0	14.96322
-414.0	14.974152
-413.0	14.985084
-412.0	14.996016000000001
-411.0	15.006948
-410.0	15.01788
-409.0	15.028811999999999
-408.0	15.039743999999999
-407.0	15.050676
-406.0	15.061608
-405.0	15.07254
-404.0	15.083472
-403.0	15.094404
-402.0	15.105336
-401.0	15.116268
-400.0	15.127199999999998
-399.0	15.138131999999999
-398.0	15.149064
-397.0	15.159996
-396.0	15.170928
-395.0	15.18186
-394.0	15.192792
-393.0	15.203724
-392.0	15.214656
-391.0	15.225588
-390.0	15.236519999999999
-389.0	15.247452
-388.0	15.258384
-387.0	15.269316
-386.0	15.280248
-385.0	15.29118
-384.0	15.302112
-383.0	15.313044
-382.0	15.323976
-381.0	15.334907999999999
-380.0	15.345839999999999
-379.0	15.356772
-378.0	15.367704
-377.0	15.378636
-376.0	15.389568
-375.0	15.400500000000001
-374.0	15.411432
-373.0	15.422364
-372.0	15.433295999999999
-371.0	15.444227999999999
-370.0	15.45516
-369.0	15.466092
-368.0	15.477024
-367.0	15.487956
-366.0	15.498888
-365.0	15.50982
-364.0	15.520752
-363.0	15.531684
-362.0	15.542615999999999
-361.0	15.553548
-360.0	15.56448
-359.0	15.575412
-358.0	15.586344
-357.0	15.597276
-356.0	15.608208
-355.0	15.61914
-354.0	15.630072
-353.0	15.641003999999999
-352.0	15.651936
-351.0	15.662868
-350.0	15.6738
-349.0	15.684732
-348.0	15.695664
-347.0	15.706596
-346.0	15.717528
-345.0	15.72846
-344.0	15.739391999999999
-343.0	15.750323999999999
-342.0	15.761256
-341.0	15.772188
-340.0	15.78312
-339.0	15.794052
-338.0	15.804984
-337.0	15.815916
-336.0	15.826848
-335.0	15.83778
-334.0	15.848711999999999
-333.0	15.859644
-332.0	15.870576
-331.0	15.881508
-330.0	15.89244
-329.0	15.903372
-328.0	15.914304
-327.0	15.925236
-326.0	15.936168
-325.0	15.947099999999999
-324.0	15.958032
-323.0	15.968964
-322.0	15.979896
-321.0	15.990828
-320.0	16.00176
-319.0	16.012692
-318.0	16.023623999999998
-317.0	16.034556
-316.0	16.045488
-315.0	16.05642
-314.0	16.067352
-313.0	16.078284
-312.0	16.089216
-311.0	16.100148
-310.0	16.11108
-309.0	16.122011999999998
-308.0	16.132944
-307.0	16.143876
-306.0	16.154808
-305.0	16.16574
-304.0	16.176672
-303.0	16.187604
-302.0	16.198536
-301.0	16.209468
-300.0	16.220399999999998
-299.0	16.231332
-298.0	16.242264
-297.0	16.253196
-296.0	16.264128
-295.0	16.27506
-294.0	16.285992
-293.0	16.296924
-292.0	16.307856
-291.0	16.318787999999998
-290.0	16.32972
-289.0	16.340652
-288.0	16.351584
-287.0	16.362516
-286.0	16.373448
-285.0	16.38438
-284.0	16.395312
-283.0	16.406244
-282.0	16.417176
-281.0	16.428108
-280.0	16.43904
-279.0	16.449972
-278.0	16.460904
-277.0	16.471836
-276.0	16.482768
-275.0	16.4937
-274.0	16.504632
-273.0	16.515564
-272.0	16.526496
-271.0	16.537428
-270.0	16.54836
-269.0	16.559292
-268.0	16.570224
-267.0	16.581156
-266.0	16.592088
-265.0	16.60302
-264.0	16.613952
-263.0	16.624884
-262.0	16.635816
-261.0	16.646748
-260.0	16.65768
-259.0	16.668612
-258.0	16.679544
-257.0	16.690476
-256.0	16.701408
-255.0	16.71234
-254.0	16.723272
-253.0	16.734204
-252.0	16.745136
-251.0	16.756068
-250.0	16.767
-249.0	16.777932
-248.0	16.788864
-247.0	16.799796
-246.0	16.810728
-245.0	16.82166
-244.0	16.832591999999998
-243.0	16.843524
-242.0	16.854456
-241.0	16.865388
-240.0	16.87632
-239.0	16.887252
-238.0	16.898184
-237.0	16.909116
-236.0	16.920048
-235.0	16.930979999999998
-234.0	16.941912
-233.0	16.952844
-232.0	16.963776
-231.0	16.974708
-230.0	16.98564
-229.0	16.996572
-228.0	17.007504
-227.0	17.018436
-226.0	17.029367999999998
-225.0	17.0403
-224.0	17.051232
-223.0	17.062164
-222.0	17.073096
-221.0	17.084028
-220.0	17.09496
-219.0	17.105892
-218.0	17.116824
-217.0	17.127755999999998
-216.0	17.138688
-215.0	17.14962
-214.0	17.160552
-213.0	17.171484
-212.0	17.182416
-211.0	17.193348
-210.0	17.20428
-209.0	17.215212
-208.0	17.226143999999998
-207.0	17.237076000000002
-206.0	17.248008
-205.0	17.25894
-204.0	17.269872
-203.0	17.280804
-202.0	17.291736
-201.0	17.302668
-200.0	17.3136
-199.0	17.324532
-198.0	17.335464
-197.0	17.346396
-196.0	17.357328
-195.0	17.36826
-194.0	17.379192
-193.0	17.390124
-192.0	17.401056
-191.0	17.411988
-190.0	17.42292
-189.0	17.433852
-188.0	17.444784
-187.0	17.455716
-186.0	17.466648
-185.0	17.47758
-184.0	17.488512
-183.0	17.499444
-182.0	17.510376
-181.0	17.521308
-180.0	17.53224
-179.0	17.543172
-178.0	17.554104
-177.0	17.565036
-176.0	17.575968
-175.0	17.5869
-174.0	17.597832
-173.0	17.608764
-172.0	17.619696
-171.0	17.630628
-170.0	17.64156
-169.0	17.652492
-168.0	17.663424
-167.0	17.674356
-166.0	17.685288
-165.0	17.69622
-164.0	17.707152
-163.0	17.718084
-162.0	17.729016
-161.0	17.739948
-160.0	17.75088
-159.0	17.761812
-158.0	17.772744
-157.0	17.783676
-156.0	17.794608
-155.0	-198.51387200000005
-154.0	-194.47378800000007
-153.0	-190.4337040000001
-152.0	-186.39362
-151.0	-182.35353600000002
-150.0	-178.31345200000004
-149.0	-174.27336800000006
-148.0	-170.23328400000008
-147.0	-166.1932000000001
-146.0	-162.153116
-145.0	-158.11303200000003
-144.0	-154.07294800000005
-143.0	-150.03286400000007
-142.0	-145.9927800000001
-141.0	-141.952696
-140.0	-137.91261200000002
-139.0	-133.87252800000005
-138.0	-129.83244400000007
-137.0	-125.79236000000009
-136.0	-121.75227600000011
-135.0	-117.71219200000002
-134.0	-113.67210800000004
-133.0	-109.63202400000006
-132.0	-105.59194000000008
-131.0	-101.5518560000001
-130.0	-97.51177200000001
-129.0	-93.47168800000003
-128.0	-89.43160400000005
-127.0	-85.39152000000007
-126.0	-81.35143600000004
-125.0	-77.31135200000006
-124.0	-73.27126800000002
-123.0	-69.23118400000004
-122.0	-65.19110000000006
-121.0	-61.15101600000003
-120.0	-57.11093200000005
-119.0	-53.07084800000007
-118.0	-49.03076400000003
-117.0	-44.990680000000054
-116.0	-40.950596000000075
-115.0	-36.91051200000004
-114.0	-32.87042800000006
-113.0	-28.830344000000025
-112.0	-24.790260000000046
-111.0	-20.750176000000067
-110.0	-16.71009200000003
-109.0	-12.670008000000053
-108.0	-8.629924000000017
-107.0	-4.589840000000038
-106.0	-0.549756000000059
-105.0	3.490327999999977
-104.0	7.530411999999956
-103.0	11.570495999999935
-102.0	15.61057999999997
-101.0	19.65066399999995
-100.0	23.690747999999928
-99.0	27.730831999999964
-98.0	31.770915999999943
-97.0	35.81099999999998
-96.0	39.85108399999996
-95.0	43.89116799999994
-94.0	47.93125199999997
-93.0	51.97133599999995
-92.0	56.01141999999999
-91.0	60.051503999999966
-90.0	64.09158799999994
-89.0	68.13167199999998
-88.0	72.17175599999996
-87.0	76.21183999999994
-86.0	80.25192399999997
-85.0	84.29200799999995
-84.0	88.33209199999993
-83.0	92.37217599999997
-82.0	96.41225999999995
-81.0	100.45234399999998
-80.0	104.49242799999996
-79.0	108.53251199999994
-78.0	112.57259599999998
-77.0	116.61267999999995
-76.0	120.65276399999999
-75.0	124.69284799999997
-74.0	128.73293199999995
-73.0	132.77301599999998
-72.0	136.81309999999996
-71.0	140.85318399999994
-70.0	144.89326799999998
-69.0	148.93335199999996
-68.0	152.97343599999994
-67.0	157.01351999999997
-66.0	161.05360399999995
-65.0	165.093688
-64.0	169.13377199999996
-63.0	173.17385599999997
-62.0	177.21393999999998
-61.0	181.25402399999996
-60.0	185.29410799999997
-59.0	189.33419199999997
-58.0	193.37427599999995
-57.0	197.41435999999996
-56.0	201.45444399999997
-55.0	205.49452799999997
-54.0	209.53461199999998
-53.0	213.57469599999996
-52.0	217.61477999999997
-51.0	221.65486399999998
-50.0	225.69494799999995
-49.0	229.73503199999996
-48.0	233.77511599999997
-47.0	237.81519999999998
-46.0	241.85528399999998
-45.0	245.89536799999996
-44.0	249.93545199999997
-43.0	253.97553599999998
-42.0	258.01561999999996
-41.0	262.055704
-40.0	266.09578799999997
-39.0	270.13587199999995
-38.0	274.175956
-37.0	278.21603999999996
-36.0	282.256124
-35.0	286.296208
-34.0	290.33629199999996
-33.0	294.37637599999994
-32.0	298.41646
-31.0	302.456544
-30.0	306.496628
-29.0	310.53671199999997
-28.0	314.57679599999994
-27.0	318.61688
-26.0	322.65696399999996
-25.0	326.697048
-24.0	330.737132
-23.0	334.77721599999995
-22.0	338.8173
-21.0	342.85738399999997
-20.0	346.897468
-19.0	350.937552
-18.0	354.97763599999996
-17.0	359.01771999999994
-16.0	363.057804
-15.0	367.09788799999995
-14.0	371.137972
-13.0	375.17805599999997
-12.0	379.21813999999995
-11.0	383.258224
-10.0	387.29830799999996
-9.0	391.338392
-8.0	395.378476
-7.0	399.41855999999996
-6.0	403.458644
-5.0	407.49872799999997
-4.0	411.538812
-3.0	415.578896
-2.0	419.61897999999997
-1.0	423.659064
0.0	427.699148
1.0	431.73923199999996
2.0	435.779316
3.0	439.8194
4.0	443.85948399999995
5.0	447.899568
6.0	451.93965199999997
7.0	455.979736
8.0	460.01982
9.0	464.05990399999996
10.0	468.099988
11.0	472.140072
12.0	476.180156
13.0	480.22024
14.0	484.26032399999997
15.0	488.300408
16.0	492.340492
17.0	496.380576
18.0	500.42066
19.0	504.460744
20.0	508.50082799999996
21.0	512.5409119999999
22.0	516.580996
23.0	520.62108
24.0	524.661164
25.0	528.701248
26.0	532.7413319999999
27.0	536.781416
28.0	540.8215
29.0	544.861584
30.0	548.901668
31.0	552.941752
32.0	556.9818359999999
33.0	561.02192
34.0	565.062004
35.0	569.102088
36.0	573.142172
37.0	577.182256
38.0	581.22234
39.0	585.262424
40.0	589.302508
41.0	593.342592
42.0	597.382676
43.0	601.4227599999999
44.0	605.462844
45.0	609.502928
46.0	613.543012
47.0	617.583096
48.0	621.62318
49.0	625.663264
50.0	629.703348
51.0	633.743432
52.0	637.783516
53.0	641.8235999999999
54.0	645.8636839999999
55.0	649.903768
56.0	653.943852
57.0	657.983936
58.0	662.0240200000001
59.0	666.064104
60.0	670.104188
61.0	674.144272
62.0	678.184356
63.0	682.22444
64.0	686.2645239999999
65.0	690.3046079999999
66.0	694.344692
67.0	698.384776
68.0	702.4248600000001
69.0	706.4649440000001
70.0	710.505028
71.0	714.545112
72.0	718.585196
73.0	722.62528
74.0	726.665364
75.0	730.7054479999999
76.0	734.7455319999999
77.0	738.785616
78.0	742.8257
79.0	746.8657840000001
80.0	750.905868
81.0	754.945952
82.0	758.986036
83.0	763.02612
84.0	767.066204
85.0	771.106288
86.0	775.1463719999999
87.0	779.186456
88.0	783.22654
89.0	787.266624
90.0	791.3067080000001
91.0	795.346792
92.0	799.386876
93.0	803.42696
94.0	807.467044
95.0	811.507128
96.0	815.547212
97.0	819.5872959999999
98.0	823.62738
99.0	827.667464
100.0	831.7075480000001
101.0	835.7476320000001
102.0	839.787716
103.0	843.8278
104.0	847.867884
105.0	851.907968
106.0	855.948052
107.0	859.9881359999999
108.0	864.0282199999999
109.0	868.068304
110.0	872.108388
111.0	876.1484720000001
112.0	880.1885560000001
113.0	884.22864
114.0	888.268724
115.0	892.308808
116.0	896.348892
117.0	900.388976
118.0	904.4290599999999
119.0	908.469144
120.0	912.509228
121.0	916.549312
122.0	920.5893960000001
123.0	924.6294800000001
124.0	928.669564
125.0	932.709648
126.0	936.749732
127.0	940.789816
128.0	944.8299
129.0	948.8699839999999
130.0	952.9100679999999
131.0	956.9501520000001
132.0	960.9902360000001
133.0	965.0303200000001
134.0	969.070404
135.0	973.110488
136.0	977.150572
137.0	981.190656
138.0	985.23074
139.0	989.270824
140.0	993.3109079999999
141.0	997.3509919999999
142.0	1001.3910760000001
143.0	1005.4311600000001
144.0	1009.4712440000001
145.0	1013.511328
146.0	1017.551412
147.0	1021.591496
148.0	1025.63158
149.0	1029.671664
150.0	1033.711748
151.0	1037.751832
152.0	1041.791916
153.0	1045.832
154.0	1049.872084
155.0	1053.912168
156.0	1057.952252
157.0	1061.992336
158.0	1066.03242
159.0	1070.072504
160.0	1074.112588
161.0	1078.152672
162.0	1082.192756
163.0	1086.2328400000001
164.0	1090.272924
165.0	1094.313008
166.0	1098.353092
167.0	1102.393176
168.0	1106.43326
169.0	1110.473344
170.0	1114.513428
171.0	1118.553512
172.0	1122.593596
173.0	1126.63368
174.0	1130.6737640000001
175.0	1134.713848
176.0	1138.753932
177.0	1142.794016
178.0	1146.8341
179.0	1150.874184
180.0	1154.914268
181.0	1158.954352
182.0	1162.994436
183.0	1167.03452
184.0	1171.074604
185.0	1175.1146880000001
186.0	1179.154772
187.0	1183.194856
188.0	1187.23494
189.0	1191.275024
190.0	1195.315108
191.0	1199.355192
192.0	1203.395276
193.0	1207.43536
194.0	1211.475444
195.0	1215.5155280000001
196.0	1219.555612
197.0	1223.595696
198.0	1227.63578
199.0	1231.675864
200.0	1235.715948
201.0	1239.756032
202.0	1243.796116
203.0	1247.8362
204.0	1251.876284
205.0	1255.916368
206.0	1259.9564520000001
207.0	1263.996536
208.0	1268.03662
209.0	1272.076704
210.0	1276.116788
211.0	1280.156872
212.0	1284.196956
213.0	1288.23704
214.0	1292.277124
215.0	1296.317208
216.0	1300.357292
217.0	1304.3973760000001
218.0	1308.43746
219.0	1312.477544
220.0	1316.517628
221.0	1320.557712
222.0	1324.597796
223.0	1328.63788
224.0	1332.677964
225.0	1336.718048
226.0	1340.758132
227.0	1344.7982160000001
228.0	1348.8383000000001
229.0	1352.878384
230.0	1356.918468
231.0	1360.958552
232.0	1364.998636
233.0	1369.03872
234.0	1373.078804
235.0	1377.118888
236.0	1381.158972
237.0	1385.199056
238.0	1389.2391400000001
239.0	1393.279224
240.0	1397.319308
241.0	1401.359392
242.0	1405.399476
243.0	1409.43956
244.0	1413.479644
245.0	1417.519728
246.0	1421.559812
247.0	1425.599896
248.0	1429.63998
249.0	1433.6800640000001
250.0	1437.720148
251.0	1441.760232
252.0	1445.800316
253.0	1449.8404
254.0	1453.880484
255.0	1457.920568
256.0	1461.960652
257.0	1466.000736
258.0	1470.04082
259.0	1474.080904
260.0	1478.120988
261.0	1482.1610719999999
262.0	1486.201156
263.0	1490.24124
264.0	1494.281324
265.0	1498.321408
266.0	1502.361492
267.0	1506.401576
268.0	1510.44166
269.0	1514.481744
270.0	1518.521828
271.0	1522.561912
272.0	1526.601996
273.0	1530.64208
274.0	1534.682164
275.0	1538.722248
276.0	1542.762332
277.0	1546.802416
278.0	1550.8425
279.0	1554.882584
280.0	1558.922668
281.0	1562.962752
282.0	1567.002836
283.0	1571.04292
284.0	1575.083004
285.0	1579.123088
286.0	1583.163172
287.0	1587.203256
288.0	1591.24334
289.0	1595.283424
290.0	1599.323508
291.0	1603.363592
292.0	1607.403676
293.0	1611.4437599999999
294.0	1615.483844
295.0	1619.523928
296.0	1623.564012
297.0	1627.604096
298.0	1631.64418
299.0	1635.684264
300.0	1639.724348
301.0	1643.764432
302.0	1647.804516
303.0	1651.8446
304.0	1655.8846839999999
305.0	1659.924768
306.0	1663.964852
307.0	1668.004936
308.0	1672.04502
309.0	1676.085104
310.0	1680.125188
311.0	1684.165272
312.0	1688.205356
313.0	1692.24544
314.0	1696.285524
315.0	1700.325608
316.0	1704.365692
317.0	1708.405776
318.0	1712.44586
319.0	1716.485944
320.0	1720.526028
321.0	1724.566112
322.0	1728.606196
323.0	1732.64628
324.0	1736.686364
325.0	1740.726448
326.0	1744.766532
327.0	1748.806616
328.0	1752.8467
329.0	1756.886784
330.0	1760.926868
331.0	1764.966952
332.0	1769.007036
333.0	1773.04712
334.0	1777.087204
335.0	1781.127288
336.0	1785.1673720000001
337.0	1789.207456
338.0	1793.24754
339.0	1797.287624
340.0	1801.327708
341.0	1805.367792
342.0	1809.407876
343.0	1813.44796
344.0	1817.488044
345.0	1821.528128
346.0	1825.568212
347.0	1829.608296
348.0	1833.64838
349.0	1837.688464
350.0	1841.728548
351.0	1845.768632
352.0	1849.808716
353.0	1853.8488
354.0	1857.888884
355.0	1861.928968
356.0	1865.969052
357.0	1870.009136
358.0	1874.04922
359.0	1878.089304
360.0	1882.129388
361.0	1886.169472
362.0	1890.209556
363.0	1894.24964
364.0	1898.289724
365.0	1902.329808
366.0	1906.369892
367.0	1910.409976
368.0	1914.45006
369.0	1918.490144
370.0	1922.530228
371.0	1926.570312
372.0	1930.610396
373.0	1934.65048
374.0	1938.690564
375.0	1942.730648
376.0	1946.770732
377.0	1950.810816
378.0	1954.8509
379.0	1958.8909840000001
380.0	1962.931068
381.0	1966.971152
382.0	1971.011236
383.0	1975.05132
384.0	1979.091404
385.0	1983.131488
386.0	1987.171572
387.0	1991.211656
388.0	1995.25174
389.0	1999.291824
390.0	2003.331908
391.0	2007.371992
392.0	2011.412076
393.0	2015.45216
394.0	2019.492244
395.0	2023.532328
396.0	2027.572412
397.0	2031.612496
398.0	2035.65258
399.0	2039.692664
400.0	2043.7327480000001
401.0	2047.772832
402.0	2051.8129160000003
403.0	2055.853
404.0	2059.8930840000003
405.0	2063.933168
406.0	2067.9732520000002
407.0	2072.013336
408.0	2076.05342
409.0	2080.093504
410.0	2084.133588
411.0	2088.1736720000004
412.0	2092.213756
413.0	2096.2538400000003
414.0	2100.293924
415.0	2104.3340080000003
416.0	2108.374092
417.0	2112.414176
418.0	2116.45426
419.0	2120.494344
420.0	2124.534428
421.0	2128.574512
422.0	2132.6145960000003
423.0	2136.65468
424.0	2140.6947640000003
425.0	2144.734848
426.0	2148.7749320000003
427.0	2152.815016
428.0	2156.8551
429.0	2160.895184
430.0	2164.935268
431.0	2168.975352
432.0	2173.015436
433.0	2177.0555200000003
434.0	2181.095604
435.0	2185.1356880000003
436.0	2189.175772
437.0	2193.2158560000003
438.0	2197.25594
439.0	2201.296024
440.0	2205.336108
441.0	2209.376192
442.0	2213.416276
443.0	2217.45636
444.0	2221.4964440000003
445.0	2225.536528
446.0	2229.5766120000003
447.0	2233.616696
448.0	2237.6567800000003
449.0	2241.696864
450.0	2245.736948
451.0	2249.777032
452.0	2253.817116
453.0	2257.8572
454.0	2261.897284
455.0	2265.9373680000003
456.0	2269.977452
457.0	2274.0175360000003
458.0	2278.05762
459.0	2282.0977040000002
460.0	2286.137788
461.0	2290.177872
462.0	2294.217956
463.0	2298.25804
464.0	2302.2981240000004
465.0	2306.338208
466.0	2310.3782920000003
467.0	2314.418376
468.0	2318.4584600000003
469.0	2322.498544
470.0	2326.5386280000002
471.0	2330.578712
472.0	2334.618796
473.0	2338.65888
474.0	2342.698964
475.0	2346.7390480000004
476.0	2350.779132
477.0	2354.8192160000003
478.0	2358.8593
479.0	2362.8993840000003
480.0	2366.939468
481.0	2370.9795520000002
482.0	2375.019636
483.0	2379.05972
484.0	2383.099804
485.0	2387.139888
486.0	2391.1799720000004
487.0	2395.220056
488.0	2399.2601400000003
489.0	2403.300224
490.0	2407.3403080000003
491.0	2411.380392
492.0	2415.4204760000002
493.0	2419.46056
494.0	2423.500644
495.0	2427.540728
496.0	2431.580812
497.0	2435.6208960000004
498.0	2439.66098
499.0	2443.7010640000003
500.0	2447.741148
