-500.0	385.40450199999987
-499.0	392.58407799999986
-498.0	399.76365399999986
-497.0	406.94322999999986
-496.0	414.12280599999985
-495.0	421.30238199999985
-494.0	428.48195799999985
-493.0	435.66153399999985
-492.0	442.84110999999984
-491.0	450.02068599999984
-490.0	457.20026199999984
-489.0	464.37983799999984
-488.0	471.55941399999983
-487.0	478.73898999999983
-486.0	485.9185659999998
-485.0	493.0981419999998
-484.0	500.2777179999998
-483.0	507.4572939999998
-482.0	514.6368699999998
-481.0	521.8164459999998
-480.0	528.9960219999998
-479.0	536.1755979999998
-478.0	543.3551739999998
-477.0	550.5347499999998
-476.0	557.7143259999998
-475.0	564.8939019999998
-474.0	572.0734779999998
-473.0	579.2530539999998
-472.0	586.4326299999998
-471.0	593.6122059999998
-470.0	600.7917819999998
-469.0	607.9713579999998
-468.0	615.1509339999998
-467.0	622.3305099999998
-466.0	629.5100859999998
-465.0	636.6896619999998
-464.0	643.8692379999998
-463.0	651.0488139999998
-462.0	658.2283899999998
-461.0	665.4079659999998
-460.0	672.5875419999998
-459.0	679.7671179999998
-458.0	686.9466939999998
-457.0	694.1262699999997
-456.0	701.3058459999997
-455.0	708.4854219999997
-454.0	715.6649979999997
-453.0	722.8445739999997
-452.0	730.0241499999997
-451.0	737.2037259999997
-450.0	744.3833019999997
-449.0	751.5628779999997
-448.0	758.7424539999997
-447.0	765.9220299999997
-446.0	773.1016059999997
-445.0	780.2811819999997
-444.0	787.4607579999997
-443.0	794.6403339999997
-442.0	801.8199099999997
-441.0	808.9994859999997
-440.0	816.1790619999997
-439.0	823.3586379999997
-438.0	830.5382139999997
-437.0	837.7177899999997
-436.0	844.8973659999997
-435.0	852.0769419999997
-434.0	859.2565179999997
-433.0	866.4360939999997
-432.0	873.6156699999997
-431.0	880.7952459999997
-430.0	887.9748219999997
-429.0	895.1543979999997
-428.0	902.3339739999997
-427.0	909.5135499999997
-426.0	916.6931260000001
-425.0	923.8727020000001
-424.0	931.0522780000001
-423.0	938.2318540000001
-422.0	945.4114300000001
-421.0	952.5910060000001
-420.0	959.7705820000001
-419.0	966.9501580000001
-418.0	974.1297340000001
-417.0	981.3093100000001
-416.0	988.4888860000001
-415.0	995.6684620000001
-414.0	1002.8480380000001
-413.0	1010.0276140000001
-412.0	1017.2071900000001
-411.0	1024.386766
-410.0	1031.566342
-409.0	1038.745918
-408.0	1045.925494
-407.0	1053.10507
-406.0	1060.284646
-405.0	1067.464222
-404.0	1074.643798
-403.0	1081.823374
-402.0	1089.00295
-401.0	1096.182526
-400.0	1103.362102
-399.0	1110.541678
-398.0	1117.721254
-397.0	1124.90083
-396.0	1132.080406
-395.0	1139.259982
-394.0	1146.439558
-393.0	1153.619134
-392.0	1160.79871
-391.0	1167.978286
-390.0	1175.157862
-389.0	1182.337438
-388.0	1189.517014
-387.0	1196.69659
-386.0	1203.876166
-385.0	1211.055742
-384.0	1218.235318
-383.0	1225.414894
-382.0	1232.59447
-381.0	1239.774046
-380.0	1246.953622
-379.0	1254.133198
-378.0	1261.312774
-377.0	1268.49235
-376.0	1275.671926
-375.0	1282.851502
-374.0	1290.031078
-373.0	1297.210654
-372.0	1304.39023
-371.0	1311.569806
-370.0	1318.749382
-369.0	1325.928958
-368.0	1333.108534
-367.0	1340.28811
-366.0	1347.467686
-365.0	1354.647262
-364.0	1361.826838
-363.0	1369.006414
-362.0	1376.18599
-361.0	1383.365566
-360.0	1390.545142
-359.0	1397.724718
-358.0	1404.904294
-357.0	1412.08387
-356.0	1419.263446
-355.0	1426.443022
-354.0	1433.622598
-353.0	1440.802174
-352.0	1447.98175
-351.0	1455.161326
-350.0	1462.340902
-349.0	1469.520478
-348.0	1476.700054
-347.0	1483.87963
-346.0	1491.059206
-345.0	1498.238782
-344.0	1505.418358
-343.0	1512.597934
-342.0	1519.77751
-341.0	1526.957086
-340.0	1534.136662
-339.0	1541.3162379999999
-338.0	1548.4958139999999
-337.0	1555.6753899999999
-336.0	1562.8549659999999
-335.0	1570.0345419999999
-334.0	1577.2141179999999
-333.0	1584.3936939999999
-332.0	1591.5732699999999
-331.0	1598.7528459999999
-330.0	1605.9324219999999
-329.0	1613.1119979999999
-328.0	1620.2915739999999
-327.0	1627.4711499999999
-326.0	1634.6507259999998
-325.0	1641.8303019999998
-324.0	1649.0098779999998
-323.0	1656.1894539999998
-322.0	1663.3690299999998
-321.0	1670.5486059999998
-320.0	1677.7281819999998
-319.0	1684.9077579999998
-318.0	1692.0873339999998
-317.0	1699.2669099999998
-316.0	1706.4464859999998
-315.0	1713.6260619999998
-314.0	1720.8056379999998
-313.0	1727.9852139999998
-312.0	1735.1647899999998
-311.0	1742.3443659999998
-310.0	1749.5239419999998
-309.0	1756.7035179999998
-308.0	1763.8830939999998
-307.0	1771.0626699999998
-306.0	1778.2422459999998
-305.0	1785.4218219999998
-304.0	1792.6013979999998
-303.0	1799.7809739999998
-302.0	1806.9605499999998
-301.0	1814.1401259999998
-300.0	1821.3197019999998
-299.0	1828.4992779999998
-298.0	1835.6788539999998
-297.0	1842.8584299999998
-296.0	1850.0380059999998
-295.0	1857.2175819999998
-294.0	1864.3971579999998
-293.0	1871.5767339999998
-292.0	1878.7563099999998
-291.0	1885.9358859999998
-290.0	1893.1154619999998
-289.0	1900.2950379999997
-288.0	1907.4746139999997
-287.0	1914.6541899999997
-286.0	1921.8337659999997
-285.0	1929.013342
-284.0	1936.192918
-283.0	1943.372494
-282.0	1950.55207
-281.0	1957.731646
-280.0	1964.911222
-279.0	1972.090798
-278.0	1979.270374
-277.0	1986.44995
-276.0	1993.629526
-275.0	2000.809102
-274.0	2007.988678
-273.0	2015.168254
-272.0	2022.34783
-271.0	2029.527406
-270.0	2036.706982
-269.0	2043.886558
-268.0	2051.0661339999997
-267.0	2058.24571
-266.0	2065.4252859999997
-265.0	2072.604862
-264.0	2079.7844379999997
-263.0	2086.964014
-262.0	2094.1435899999997
-261.0	2101.323166
-260.0	2108.5027419999997
-259.0	2115.682318
-258.0	2122.8618939999997
-257.0	2130.04147
-256.0	2137.2210459999997
-255.0	2144.400622
-254.0	2151.5801979999997
-253.0	2158.759774
-252.0	2165.9393499999996
-251.0	2173.118926
-250.0	2180.2985019999996
-249.0	2187.478078
-248.0	2194.6576539999996
-247.0	2201.83723
-246.0	2209.0168059999996
-245.0	2216.196382
-244.0	2223.3759579999996
-243.0	2230.555534
-242.0	2237.7351099999996
-241.0	2244.914686
-240.0	2252.0942619999996
-239.0	2259.273838
-238.0	2266.4534139999996
-237.0	2273.63299
-236.0	2280.8125659999996
-235.0	2287.992142
-234.0	2295.1717179999996
-233.0	2302.351294
-232.0	2309.5308699999996
-231.0	2316.710446
-230.0	2323.8900219999996
-229.0	2331.069598
-228.0	2338.2491739999996
-227.0	2345.42875
-226.0	2352.6083259999996
-225.0	2359.787902
-224.0	2366.9674779999996
-223.0	2374.147054
-222.0	2381.3266299999996
-221.0	2388.506206
-220.0	2395.6857819999996
-219.0	2402.865358
-218.0	2410.0449339999996
-217.0	2417.22451
-216.0	2424.4040859999996
-215.0	2431.583662
-214.0	2438.7632379999995
-213.0	2445.942814
-212.0	2453.12239
-211.0	2460.301966
-210.0	2467.481542
-209.0	2474.661118
-208.0	2481.840694
-207.0	2489.02027
-206.0	2496.199846
-205.0	2503.379422
-204.0	2510.558998
-203.0	2517.738574
-202.0	2524.91815
-201.0	2532.097726
-200.0	2539.277302
-199.0	2546.456878
-198.0	2553.636454
-197.0	2560.81603
-196.0	2567.995606
-195.0	2575.175182
-194.0	2582.354758
-193.0	2589.534334
-192.0	2596.71391
-191.0	2603.893486
-190.0	2611.073062
-189.0	2618.252638
-188.0	2625.432214
-187.0	2632.61179
-186.0	2639.791366
-185.0	2646.970942
-184.0	2654.150518
-183.0	2661.330094
-182.0	2668.50967
-181.0	2675.689246
-180.0	2682.868822
-179.0	2690.048398
-178.0	2697.227974
-177.0	2704.40755
-176.0	2711.587126
-175.0	2718.766702
-174.0	2725.946278
-173.0	2733.125854
-172.0	2740.30543
-171.0	2747.485006
-170.0	2754.664582
-169.0	2761.844158
-168.0	2769.023734
-167.0	2776.20331
-166.0	2783.382886
-165.0	2790.562462
-164.0	2797.742038
-163.0	2804.921614
-162.0	2812.10119
-161.0	2819.280766
-160.0	2826.460342
-159.0	2833.639918
-158.0	2840.819494
-157.0	2847.99907
-156.0	2855.178646
-155.0	2862.358222
-154.0	2869.537798
-153.0	2876.717374
-152.0	2883.89695
-151.0	2891.076526
-150.0	2898.256102
-149.0	2905.435678
-148.0	2912.615254
-147.0	2919.79483
-146.0	2926.974406
-145.0	2934.153982
-144.0	2941.333558
-143.0	2948.513134
-142.0	2955.69271
-141.0	2962.872286
-140.0	2970.051862
-139.0	2977.231438
-138.0	2984.411014
-137.0	2991.59059
-136.0	2998.770166
-135.0	3005.949742
-134.0	3013.129318
-133.0	3020.308894
-132.0	3027.48847
-131.0	3034.668046
-130.0	3041.847622
-129.0	3049.0271979999998
-128.0	3056.2067739999998
-127.0	3063.3863499999998
-126.0	3070.5659259999998
-125.0	3077.7455019999998
-124.0	3084.9250779999998
-123.0	3092.1046539999998
-122.0	3099.2842299999998
-121.0	3106.4638059999997
-120.0	3113.6433819999997
-119.0	3120.8229579999997
-118.0	3128.0025339999997
-117.0	3135.1821099999997
-116.0	3142.3616859999997
-115.0	3149.5412619999997
-114.0	3156.7208379999997
-113.0	3163.9004139999997
-112.0	3171.0799899999997
-111.0	3178.2595659999997
-110.0	3185.4391419999997
-109.0	3192.6187179999997
-108.0	3199.7982939999997
-107.0	3206.9778699999997
-106.0	3214.157446
-105.0	3221.3370219999997
-104.0	3228.516598
-103.0	3235.6961739999997
-102.0	3242.87575
-101.0	3250.0553259999997
-100.0	3257.234902
-99.0	3264.4144779999997
-98.0	3271.594054
-97.0	3278.7736299999997
-96.0	3285.953206
-95.0	3293.1327819999997
-94.0	3300.312358
-93.0	3307.4919339999997
-92.0	3314.67151
-91.0	3321.8510859999997
-90.0	3329.030662
-89.0	3336.2102379999997
-88.0	3343.389814
-87.0	3350.5693899999997
-86.0	3357.748966
-85.0	3364.9285419999997
-84.0	3372.108118
-83.0	3379.2876939999996
-82.0	3386.46727
-81.0	3393.6468459999996
-80.0	3400.826422
-79.0	3408.0059979999996
-78.0	3415.185574
-77.0	3422.3651499999996
-76.0	3429.544726
-75.0	3436.7243019999996
-74.0	3443.903878
-73.0	3451.0834539999996
-72.0	3458.26303
-71.0	3465.442606
-70.0	3472.622182
-69.0	3479.801758
-68.0	3486.981334
-67.0	3494.16091
-66.0	3501.340486
-65.0	3508.520062
-64.0	3515.699638
-63.0	3522.879214
-62.0	3530.05879
-61.0	3537.238366
-60.0	3544.417942
-59.0	3551.597518
-58.0	3558.777094
-57.0	3565.95667
-56.0	3573.136246
-55.0	3580.315822
-54.0	3587.495398
-53.0	3594.674974
-52.0	3601.85455
-51.0	3609.034126
-50.0	3616.213702
-49.0	3623.393278
-48.0	3630.572854
-47.0	3637.75243
-46.0	3644.932006
-45.0	3652.111582
-44.0	3659.291158
-43.0	3666.470734
-42.0	3673.65031
-41.0	3680.829886
-40.0	3688.009462
-39.0	3695.189038
-38.0	3702.368614
-37.0	3709.54819
-36.0	3716.727766
-35.0	3723.907342
-34.0	3731.086918
-33.0	3738.266494
-32.0	3745.44607
-31.0	3752.625646
-30.0	3759.805222
-29.0	3766.984798
-28.0	3774.164374
-27.0	3781.34395
-26.0	3788.523526
-25.0	3795.703102
-24.0	3802.882678
-23.0	3810.062254
-22.0	3817.24183
-21.0	3824.421406
-20.0	3831.600982
-19.0	3838.780558
-18.0	3845.960134
-17.0	3853.13971
-16.0	3860.319286
-15.0	3867.498862
-14.0	3874.678438
-13.0	3881.858014
-12.0	3889.03759
-11.0	3896.217166
-10.0	3903.396742
-9.0	3910.576318
-8.0	3917.755894
-7.0	3924.93547
-6.0	3932.115046
-5.0	3939.294622
-4.0	3946.474198
-3.0	3953.653774
-2.0	3960.83335
-1.0	3968.012926
0.0	3975.192502
1.0	4490.5
2.0	4500.5
3.0	4510.5
4.0	4520.5
5.0	4530.5
6.0	4540.5
7.0	4550.5
8.0	4560.5
9.0	4570.5
10.0	4580.5
11.0	4590.5
12.0	4600.5
13.0	4610.5
14.0	4620.5
15.0	4630.5
16.0	4640.5
17.0	4650.5
18.0	4660.5
19.0	4670.5
20.0	4680.5
21.0	4690.5
22.0	4700.5
23.0	4710.5
24.0	4720.5
25.0	4730.5
26.0	4740.5
27.0	4750.5
28.0	4760.5
29.0	4770.5
30.0	4780.5
31.0	4790.5
32.0	4800.5
33.0	4810.5
34.0	4820.5
35.0	4830.5
36.0	4840.5
37.0	4850.5
38.0	4860.5
39.0	4870.5
40.0	4880.5
41.0	4890.5
42.0	4900.5
43.0	4910.5
44.0	4920.5
45.0	4930.5
46.0	4940.5
47.0	4950.5
48.0	4960.5
49.0	4970.5
50.0	4980.5
51.0	4990.5
52.0	5000.5
53.0	5010.5
54.0	5020.5
55.0	5030.5
56.0	5040.5
57.0	5050.5
58.0	5060.5
59.0	5070.5
60.0	5080.5
61.0	5090.5
62.0	5100.5
63.0	5110.5
64.0	5120.5
65.0	5130.5
66.0	5140.5
67.0	5150.5
68.0	5160.5
69.0	5170.5
70.0	5180.5
71.0	5190.5
72.0	5200.5
73.0	5210.5
74.0	5220.5
75.0	5230.5
76.0	5240.5
77.0	5250.5
78.0	5260.5
79.0	5270.5
80.0	5280.5
81.0	5290.5
82.0	5300.5
83.0	5310.5
84.0	5320.5
85.0	5330.5
86.0	5340.5
87.0	5350.5
88.0	5360.5
89.0	5370.5
90.0	5380.5
91.0	5390.5
92.0	5400.5
93.0	5410.5
94.0	5420.5
95.0	5430.5
96.0	5440.5
97.0	5450.5
98.0	5460.5
99.0	5470.5
100.0	5480.5
101.0	5490.5
102.0	5500.5
103.0	5510.5
104.0	5520.5
105.0	5530.5
106.0	5540.5
107.0	5550.5
108.0	5560.5
109.0	5570.5
110.0	5580.5
111.0	5590.5
112.0	5600.5
113.0	5610.5
114.0	5620.5
115.0	5630.5
116.0	5640.5
117.0	5650.5
118.0	5660.5
119.0	5670.5
120.0	5680.5
121.0	5690.5
122.0	5700.5
123.0	5710.5
124.0	5720.5
125.0	5730.5
126.0	5740.5
127.0	5750.5
128.0	5760.5
129.0	5770.5
130.0	5780.5
131.0	5790.5
132.0	5800.5
133.0	5810.5
134.0	5820.5
135.0	5830.5
136.0	5840.5
137.0	5850.5
138.0	5860.5
139.0	5870.5
140.0	5880.5
141.0	5890.5
142.0	5900.5
143.0	5910.5
144.0	5920.5
145.0	5930.5
146.0	5940.5
147.0	5950.5
148.0	5960.5
149.0	5970.5
150.0	5980.5
151.0	5990.5
152.0	6000.5
153.0	6010.5
154.0	6020.5
155.0	6030.5
156.0	6040.5
157.0	6050.5
158.0	6060.5
159.0	6070.5
160.0	6080.5
161.0	6090.5
162.0	6100.5
163.0	6110.5
164.0	6120.5
165.0	6130.5
166.0	6140.5
167.0	6150.5
168.0	6160.5
169.0	6170.5
170.0	6180.5
171.0	6190.5
172.0	6200.5
173.0	6210.5
174.0	6220.5
175.0	6230.5
176.0	6240.5
177.0	6250.5
178.0	6260.5
179.0	6270.5
180.0	6280.5
181.0	6290.5
182.0	6300.5
183.0	6310.5
184.0	6320.5
185.0	6330.5
186.0	6340.5
187.0	6350.5
188.0	6360.5
189.0	6370.5
190.0	6380.5
191.0	6390.5
192.0	6400.5
193.0	6410.5
194.0	6420.5
195.0	6430.5
196.0	6440.5
197.0	6450.5
198.0	6460.5
199.0	6470.5
200.0	6480.5
201.0	6490.5
202.0	6500.5
203.0	6510.5
204.0	6520.5
205.0	6530.5
206.0	6540.5
207.0	6550.5
208.0	6560.5
209.0	6570.5
210.0	6580.5
211.0	6590.5
212.0	6600.5
213.0	6610.5
214.0	6620.5
215.0	6630.5
216.0	6640.5
217.0	6650.5
218.0	6660.5
219.0	6670.5
220.0	6680.5
221.0	6690.5
222.0	6700.5
223.0	6710.5
224.0	6720.5
225.0	6730.5
226.0	6740.5
227.0	6750.5
228.0	6760.5
229.0	6770.5
230.0	6780.5
231.0	6790.5
232.0	6800.5
233.0	6810.5
234.0	6820.5
235.0	6830.5
236.0	6840.5
237.0	6850.5
238.0	6860.5
239.0	6870.5
240.0	6880.5
241.0	6890.5
242.0	6900.5
243.0	6910.5
244.0	6920.5
245.0	6930.5
246.0	6940.5
247.0	6950.5
248.0	6960.5
249.0	6970.5
250.0	6980.5
251.0	6990.5
252.0	7000.5
253.0	7010.5
254.0	7020.5
255.0	7030.5
256.0	7040.5
257.0	7050.5
258.0	7060.5
259.0	7070.5
260.0	7080.5
261.0	7090.5
262.0	7100.5
263.0	7110.5
264.0	7120.5
265.0	7130.5
266.0	7140.5
267.0	7150.5
268.0	7160.5
269.0	7170.5
270.0	7180.5
271.0	7190.5
272.0	7200.5
273.0	7210.5
274.0	7220.5
275.0	7230.5
276.0	7240.5
277.0	7250.5
278.0	7260.5
279.0	7270.5
280.0	7280.5
281.0	7290.5
282.0	7300.5
283.0	7310.5
284.0	7320.5
285.0	7330.5
286.0	7340.5
287.0	7350.5
288.0	7360.5
289.0	7370.5
290.0	7380.5
291.0	7390.5
292.0	7400.5
293.0	7410.5
294.0	7420.5
295.0	7430.5
296.0	7440.5
297.0	7450.5
298.0	7460.5
299.0	7470.5
300.0	7480.5
301.0	7490.5
302.0	7500.5
303.0	7510.5
304.0	7520.5
305.0	7530.5
306.0	7540.5
307.0	7550.5
308.0	7560.5
309.0	7570.5
310.0	7580.5
311.0	7590.5
312.0	7600.5
313.0	7610.5
314.0	7620.5
315.0	7630.5
316.0	7640.5
317.0	7650.5
318.0	7660.5
319.0	7670.5
320.0	7680.5
321.0	7690.5
322.0	7700.5
323.0	7710.5
324.0	7720.5
325.0	7730.5
326.0	7740.5
327.0	7750.5
328.0	7760.5
329.0	7770.5
330.0	7780.5
331.0	7790.5
332.0	7800.5
333.0	7810.5
334.0	7820.5
335.0	7830.5
336.0	7840.5
337.0	7850.5
338.0	7860.5
339.0	7870.5
340.0	7880.5
341.0	7890.5
342.0	7900.5
343.0	7910.5
344.0	7920.5
345.0	7930.5
346.0	7940.5
347.0	7950.5
348.0	7960.5
349.0	7970.5
350.0	7980.5
351.0	7990.5
352.0	8000.5
353.0	8010.5
354.0	8020.5
355.0	8030.5
356.0	8040.5
357.0	8050.5
358.0	8060.5
359.0	8070.5
360.0	8080.5
361.0	8090.5
362.0	8100.5
363.0	8110.5
364.0	8120.5
365.0	8130.5
366.0	8140.5
367.0	8150.5
368.0	8160.5
369.0	8170.5
370.0	8180.5
371.0	8190.5
372.0	8200.5
373.0	8210.5
374.0	8220.5
375.0	8230.5
376.0	8240.5
377.0	8250.5
378.0	8260.5
379.0	8270.5
380.0	8280.5
381.0	8290.5
382.0	8300.5
383.0	8310.5
384.0	8320.5
385.0	8330.5
386.0	8340.5
387.0	8350.5
388.0	8360.5
389.0	8370.5
390.0	8380.5
391.0	8390.5
392.0	8400.5
393.0	8410.5
394.0	8420.5
395.0	8430.5
396.0	8440.5
397.0	8450.5
398.0	8460.5
399.0	8470.5
400.0	8480.5
401.0	8490.5
402.0	8500.5
403.0	8510.5
404.0	8520.5
405.0	8530.5
406.0	8540.5
407.0	8550.5
408.0	8560.5
409.0	8570.5
410.0	8580.5
411.0	8590.5
412.0	8600.5
413.0	8610.5
414.0	8620.5
415.0	8630.5
416.0	8640.5
417.0	8650.5
418.0	8660.5
419.0	8670.5
420.0	8680.5
421.0	8690.5
422.0	8700.5
423.0	8710.5
424.0	8720.5
425.0	8730.5
426.0	8740.5
427.0	8750.5
428.0	8760.5
429.0	8770.5
430.0	8780.5
431.0	8790.5
432.0	8800.5
433.0	8810.5
434.0	8820.5
435.0	8830.5
436.0	8840.5
437.0	8850.5
438.0	8860.5
439.0	8870.5
440.0	8880.5
441.0	8890.5
442.0	8900.5
443.0	8910.5
444.0	8920.5
445.0	8930.5
446.0	8940.5
447.0	8950.5
448.0	8960.5
449.0	8970.5
450.0	8980.5
451.0	8990.5
452.0	9000.5
453.0	9010.5
454.0	9020.5
455.0	9030.5
456.0	9040.5
457.0	9050.5
458.0	9060.5
459.0	9070.5
460.0	9080.5
461.0	9090.5
462.0	9100.5
463.0	9110.5
464.0	9120.5
465.0	9130.5
466.0	9140.5
467.0	9150.5
468.0	9160.5
469.0	9170.5
470.0	9180.5
471.0	9190.5
472.0	9200.5
473.0	9210.5
474.0	9220.5
475.0	9230.5
476.0	9240.5
477.0	9250.5
478.0	9260.5
479.0	9270.5
480.0	9280.5
481.0	9290.5
482.0	9300.5
483.0	9310.5
484.0	9320.5
485.0	9330.5
486.0	9340.5
487.0	9350.5
488.0	9360.5
489.0	9370.5
490.0	9380.5
491.0	9390.5
492.0	9400.5
493.0	9410.5
494.0	9420.5
495.0	9430.5
496.0	9440.5
497.0	9450.5
498.0	9460.5
499.0	9470.5
500.0	9480.5
