-500.0	14.033999999999999
-499.0	14.044932
-498.0	14.055864
-497.0	14.066796
-496.0	14.077728
-495.0	14.08866
-494.0	14.099592
-493.0	14.110524
-492.0	14.121455999999998
-491.0	14.132387999999999
-490.0	14.14332
-489.0	14.154252
-488.0	14.165184
-487.0	14.176116
-486.0	14.187048
-485.0	14.19798
-484.0	14.208912
-483.0	14.219843999999998
-482.0	14.230775999999999
-481.0	14.241708
-480.0	14.25264
-479.0	14.263572
-478.0	14.274504
-477.0	14.285436
-476.0	14.296368
-475.0	14.3073
-474.0	14.318232
-473.0	14.329163999999999
-472.0	14.340095999999999
-471.0	14.351028
-470.0	14.36196
-469.0	14.372892
-468.0	14.383824
-467.0	14.394756
-466.0	14.405688
-465.0	14.41662
-464.0	14.427551999999999
-463.0	14.438483999999999
-462.0	14.449416
-461.0	14.460348
-460.0	14.47128
-459.0	14.482212
-458.0	14.493144000000001
-457.0	14.504076
-456.0	14.515008
-455.0	14.525939999999999
-454.0	14.536871999999999
-453.0	14.547804
-452.0	14.558736
-451.0	14.569668
-450.0	14.5806
-449.0	14.591532
-448.0	14.602464
-447.0	14.613396
-446.0	14.624327999999998
-445.0	14.635259999999999
-444.0	14.646192
-443.0	14.657124
-442.0	14.668056
-441.0	14.678988
-440.0	14.68992
-439.0	14.700852
-438.0	14.711784
-437.0	14.722715999999998
-436.0	14.733647999999999
-435.0	14.74458
-434.0	14.755512
-433.0	14.766444
-432.0	14.777376
-431.0	14.788308
-430.0	14.79924
-429.0	14.810172
-428.0	14.821104
-427.0	14.832035999999999
-426.0	14.842967999999999
-425.0	14.8539
-424.0	14.864832
-423.0	14.875764
-422.0	14.886696
-421.0	14.897628000000001
-420.0	14.90856
-419.0	14.919492
-418.0	14.930423999999999
-417.0	14.941355999999999
-416.0	14.952288
-415.0	14.96322
-414.0	14.974152
-413.0	14.985084
-412.0	14.996016000000001
-411.0	15.006948
-410.0	15.01788
-409.0	15.028811999999999
-408.0	15.039743999999999
-407.0	15.050676
-406.0	15.061608
-405.0	15.07254
-404.0	15.083472
-403.0	15.094404
-402.0	15.105336
-401.0	15.116268
-400.0	15.127199999999998
-399.0	15.138131999999999
-398.0	15.149064
-397.0	15.159996
-396.0	15.170928
-395.0	15.18186
-394.0	15.192792
-393.0	15.203724
-392.0	15.214656
-391.0	15.225588
-390.0	15.236519999999999
-389.0	15.247452
-388.0	15.258384
-387.0	15.269316
-386.0	15.280248
-385.0	15.29118
-384.0	15.302112
-383.0	15.313044
-382.0	15.323976
-381.0	15.334907999999999
-380.0	15.345839999999999
-379.0	15.356772
-378.0	15.367704
-377.0	15.378636
-376.0	15.389568
-375.0	15.400500000000001
-374.0	15.411432
-373.0	15.422364
-372.0	15.433295999999999
-371.0	15.444227999999999
-370.0	15.45516
-369.0	15.466092
-368.0	15.477024
-367.0	15.487956
-366.0	15.498888
-365.0	15.50982
-364.0	15.520752
-363.0	15.531684
-362.0	15.542615999999999
-361.0	15.553548
-360.0	15.56448
-359.0	15.575412
-358.0	15.586344
-357.0	15.597276
-356.0	15.608208
-355.0	15.61914
-354.0	15.630072
-353.0	15.641003999999999
-352.0	15.651936
-351.0	15.662868
-350.0	15.6738
-349.0	15.684732
-348.0	15.695664
-347.0	15.706596
-346.0	15.717528
-345.0	15.72846
-344.0	15.739391999999999
-343.0	15.750323999999999
-342.0	15.761256
-341.0	15.772188
-340.0	15.78312
-339.0	15.794052
-338.0	15.804984
-337.0	15.815916
-336.0	15.826848
-335.0	15.83778
-334.0	15.848711999999999
-333.0	15.859644
-332.0	15.870576
-331.0	15.881508
-330.0	15.89244
-329.0	15.903372
-328.0	15.914304
-327.0	15.925236
-326.0	15.936168
-325.0	15.947099999999999
-324.0	15.958032
-323.0	15.968964
-322.0	15.979896
-321.0	15.990828
-320.0	16.00176
-319.0	16.012692
-318.0	16.023623999999998
-317.0	16.034556
-316.0	16.045488
-315.0	16.05642
-314.0	16.067352
-313.0	16.078284
-312.0	16.089216
-311.0	16.100148
-310.0	16.11108
-309.0	16.122011999999998
-308.0	16.132944
-307.0	16.143876
-306.0	16.154808
-305.0	16.16574
-304.0	16.176672
-303.0	16.187604
-302.0	16.198536
-301.0	16.209468
-300.0	16.220399999999998
-299.0	16.231332
-298.0	16.242264
-297.0	16.253196
-296.0	16.264128
-295.0	16.27506
-294.0	16.285992
-293.0	16.296924
-292.0	16.307856
-291.0	16.318787999999998
-290.0	16.32972
-289.0	16.340652
-288.0	16.351584
-287.0	16.362516
-286.0	16.373448
-285.0	16.38438
-284.0	16.395312
-283.0	16.406244
-282.0	16.417176
-281.0	16.428108
-280.0	16.43904
-279.0	16.449972
-278.0	16.460904
-277.0	16.471836
-276.0	16.482768
-275.0	16.4937
-274.0	16.504632
-273.0	16.515564
-272.0	16.526496
-271.0	16.537428
-270.0	16.54836
-269.0	16.559292
-268.0	16.570224
-267.0	16.581156
-266.0	16.592088
-265.0	16.60302
-264.0	16.613952
-263.0	16.624884
-262.0	16.635816
-261.0	16.646748
-260.0	16.65768
-259.0	16.668612
-258.0	16.679544
-257.0	16.690476
-256.0	16.701408
-255.0	16.71234
-254.0	16.723272
-253.0	16.734204
-252.0	16.745136
-251.0	16.756068
-250.0	16.767
-249.0	16.777932
-248.0	16.788864
-247.0	16.799796
-246.0	16.810728
-245.0	16.82166
-244.0	16.832591999999998
-243.0	16.843524
-242.0	16.854456
-241.0	16.865388
-240.0	16.87632
-239.0	16.887252
-238.0	16.898184
-237.0	16.909116
-236.0	16.920048
-235.0	16.930979999999998
-234.0	16.941912
-233.0	16.952844
-232.0	16.963776
-231.0	16.974708
-230.0	16.98564
-229.0	16.996572
-228.0	17.007504
-227.0	17.018436
-226.0	17.029367999999998
-225.0	17.0403
-224.0	17.051232
-223.0	17.062164
-222.0	17.073096
-221.0	17.084028
-220.0	17.09496
-219.0	17.105892
-218.0	17.116824
-217.0	17.127755999999998
-216.0	17.138688
-215.0	17.14962
-214.0	17.160552
-213.0	17.171484
-212.0	17.182416
-211.0	17.193348
-210.0	17.20428
-209.0	17.215212
-208.0	17.226143999999998
-207.0	17.237076000000002
-206.0	17.248008
-205.0	17.25894
-204.0	17.269872
-203.0	17.280804
-202.0	17.291736
-201.0	17.302668
-200.0	17.3136
-199.0	17.324532
-198.0	17.335464
-197.0	17.346396
-196.0	17.357328
-195.0	17.36826
-194.0	17.379192
-193.0	17.390124
-192.0	17.401056
-191.0	17.411988
-190.0	17.42292
-189.0	17.433852
-188.0	17.444784
-187.0	17.455716
-186.0	17.466648
-185.0	17.47758
-184.0	17.488512
-183.0	17.499444
-182.0	17.510376
-181.0	17.521308
-180.0	17.53224
-179.0	17.543172
-178.0	17.554104
-177.0	17.565036
-176.0	17.575968
-175.0	17.5869
-174.0	17.597832
-173.0	17.608764
-172.0	17.619696
-171.0	17.630628
-170.0	17.64156
-169.0	17.652492
-168.0	17.663424
-167.0	17.674356
-166.0	17.685288
-165.0	17.69622
-164.0	17.707152
-163.0	17.718084
-162.0	17.729016
-161.0	17.739948
-160.0	17.75088
-159.0	17.761812
-158.0	17.772744
-157.0	17.783676
-156.0	17.794608
-155.0	17.80554
-154.0	17.816472
-153.0	17.827404
-152.0	17.838335999999998
-151.0	17.849268
-150.0	17.8602
-149.0	17.871132
-148.0	17.882064
-147.0	17.892996
-146.0	17.903928
-145.0	17.91486
-144.0	17.925792
-143.0	17.936723999999998
-142.0	17.947656
-141.0	17.958588
-140.0	17.96952
-139.0	17.980452
-138.0	17.991384
-137.0	18.002316
-136.0	18.013248
-135.0	18.02418
-134.0	18.035111999999998
-133.0	18.046044
-132.0	18.056976
-131.0	18.067908
-130.0	18.07884
-129.0	18.089772
-128.0	18.100704
-127.0	18.111636
-126.0	18.122568
-125.0	18.1335
-124.0	18.144432
-123.0	18.155364
-122.0	18.166296
-121.0	18.177228
-120.0	18.18816
-119.0	18.199092
-118.0	18.210024
-117.0	18.220956
-116.0	18.231888
-115.0	18.24282
-114.0	18.253752
-113.0	18.264684
-112.0	18.275616
-111.0	18.286548
-110.0	18.29748
-109.0	18.308412
-108.0	18.319344
-107.0	18.330276
-106.0	18.341208
-105.0	18.35214
-104.0	18.363072
-103.0	18.374004
-102.0	18.384936
-101.0	18.395868
-100.0	18.4068
-99.0	18.417732
-98.0	18.428664
-97.0	18.439596
-96.0	18.450528
-95.0	18.46146
-94.0	18.472392
-93.0	18.483324
-92.0	18.494256
-91.0	-111.16241499999998
-90.0	-108.14179299999998
-89.0	-105.12117099999998
-88.0	-102.10054899999997
-87.0	-99.07992699999997
-86.0	-96.05930499999997
-85.0	-93.03868299999996
-84.0	-90.01806099999999
-83.0	-86.99743899999999
-82.0	-83.97681699999998
-81.0	-80.95619499999998
-80.0	-77.93557299999998
-79.0	-74.91495099999997
-78.0	-71.89432899999997
-77.0	-68.873707
-76.0	-65.853085
-75.0	-62.83246299999999
-74.0	-59.81184099999999
-73.0	-56.791218999999984
-72.0	-53.77059699999998
-71.0	-50.74997499999998
-70.0	-47.729352999999975
-69.0	-44.70873099999997
-68.0	-41.688109
-67.0	-38.667486999999994
-66.0	-35.64686499999999
-65.0	-32.62624299999999
-64.0	-29.605620999999985
-63.0	-26.584998999999982
-62.0	-23.56437699999998
-61.0	-20.543754999999976
-60.0	-17.523132999999973
-59.0	-14.502510999999998
-58.0	-11.481888999999995
-57.0	-8.461266999999992
-56.0	-5.440644999999989
-55.0	-2.4200229999999863
-54.0	0.6005990000000168
-53.0	3.62122100000002
-52.0	6.641843000000023
-51.0	9.662465000000026
-50.0	12.683087
-49.0	15.703709000000003
-48.0	18.724331000000006
-47.0	21.74495300000001
-46.0	24.765575000000013
-45.0	27.786197000000016
-44.0	30.80681900000002
-43.0	33.82744100000002
-42.0	36.84806300000001
-41.0	39.86868500000001
-40.0	42.88930700000002
-39.0	45.90992900000002
-38.0	48.93055100000001
-37.0	51.95117300000001
-36.0	54.971795000000014
-35.0	57.99241700000002
-34.0	61.013039000000006
-33.0	64.03366100000001
-32.0	67.05428300000001
-31.0	70.07490500000002
-30.0	73.09552700000002
-29.0	76.11614900000001
-28.0	79.13677100000001
-27.0	82.15739300000001
-26.0	85.17801500000002
-25.0	88.198637
-24.0	91.21925900000001
-23.0	94.23988100000001
-22.0	97.26050300000001
-21.0	100.281125
-20.0	103.301747
-19.0	106.32236900000001
-18.0	109.34299100000001
-17.0	112.36361300000002
-16.0	115.38423500000002
-15.0	118.40485700000002
-14.0	121.42547900000001
-13.0	124.44610100000001
-12.0	127.466723
-11.0	130.487345
-10.0	133.507967
-9.0	136.528589
-8.0	139.549211
-7.0	142.56983300000002
-6.0	145.59045500000002
-5.0	148.61107700000002
-4.0	151.631699
-3.0	154.652321
-2.0	157.672943
-1.0	160.693565
0.0	163.714187
1.0	166.734809
2.0	169.75543100000002
3.0	172.77605300000002
4.0	175.79667500000002
5.0	178.817297
6.0	181.837919
7.0	184.858541
8.0	187.879163
9.0	190.899785
10.0	193.920407
11.0	196.94102900000001
12.0	199.96165100000002
13.0	202.98227300000002
14.0	206.00289500000002
15.0	209.023517
16.0	212.044139
17.0	215.064761
18.0	218.085383
19.0	221.106005
20.0	224.126627
21.0	227.14724900000002
22.0	230.167871
23.0	233.188493
24.0	236.209115
25.0	239.229737
26.0	242.250359
27.0	245.270981
28.0	248.291603
29.0	251.312225
30.0	254.33284700000002
31.0	257.353469
32.0	260.374091
33.0	263.394713
34.0	266.415335
35.0	269.43595700000003
36.0	272.45657900000003
37.0	275.47720100000004
38.0	278.49782300000004
39.0	281.518445
40.0	284.539067
41.0	287.559689
42.0	290.580311
43.0	293.600933
44.0	296.621555
45.0	299.642177
46.0	302.662799
47.0	305.683421
48.0	308.704043
49.0	311.724665
50.0	314.745287
51.0	317.76590899999997
52.0	320.78653099999997
53.0	323.80715299999997
54.0	326.827775
55.0	329.848397
56.0	332.869019
57.0	335.889641
58.0	338.910263
59.0	341.930885
60.0	344.951507
61.0	347.972129
62.0	350.992751
63.0	354.013373
64.0	357.033995
65.0	360.054617
66.0	363.075239
67.0	366.095861
68.0	369.116483
69.0	372.137105
70.0	375.157727
71.0	378.178349
72.0	381.19897100000003
73.0	384.21959300000003
74.0	387.24021500000003
75.0	390.26083700000004
76.0	393.28145900000004
77.0	396.30208100000004
78.0	399.322703
79.0	402.343325
80.0	405.363947
81.0	408.384569
82.0	411.405191
83.0	414.425813
84.0	417.446435
85.0	420.46705699999995
86.0	423.48767899999996
87.0	426.50830099999996
88.0	429.52892299999996
89.0	432.54954499999997
90.0	435.57016699999997
91.0	438.590789
92.0	441.611411
93.0	444.632033
94.0	447.652655
95.0	450.673277
96.0	453.693899
97.0	456.714521
98.0	459.735143
99.0	462.755765
100.0	465.776387
101.0	468.797009
102.0	471.817631
103.0	474.838253
104.0	477.858875
105.0	480.879497
106.0	483.900119
107.0	486.920741
108.0	489.941363
109.0	492.961985
110.0	495.98260700000003
111.0	499.00322900000003
112.0	502.02385100000004
113.0	505.04447300000004
114.0	508.06509500000004
115.0	511.08571700000005
116.0	514.106339
117.0	517.126961
118.0	520.147583
119.0	523.168205
120.0	526.188827
121.0	529.209449
122.0	532.230071
123.0	535.250693
124.0	538.271315
125.0	541.291937
126.0	544.312559
127.0	547.333181
128.0	550.353803
129.0	553.374425
130.0	556.395047
131.0	559.415669
132.0	562.436291
133.0	565.456913
134.0	568.477535
135.0	571.498157
136.0	574.518779
137.0	577.539401
138.0	580.560023
139.0	583.580645
140.0	586.601267
141.0	589.621889
142.0	592.642511
143.0	595.663133
144.0	598.683755
145.0	601.704377
146.0	604.724999
147.0	607.745621
148.0	610.766243
149.0	613.786865
150.0	616.807487
151.0	619.828109
152.0	622.848731
153.0	625.869353
154.0	628.889975
155.0	631.910597
156.0	634.9312189999999
157.0	637.951841
158.0	640.972463
159.0	643.993085
160.0	647.013707
161.0	650.034329
162.0	653.054951
163.0	656.075573
164.0	659.096195
165.0	662.116817
166.0	665.137439
167.0	668.158061
168.0	671.178683
169.0	674.199305
170.0	677.219927
171.0	680.240549
172.0	683.261171
173.0	686.281793
174.0	689.302415
175.0	692.323037
176.0	695.343659
177.0	698.364281
178.0	701.384903
179.0	704.405525
180.0	707.426147
181.0	710.446769
182.0	713.467391
183.0	716.488013
184.0	719.508635
185.0	722.529257
186.0	725.549879
187.0	728.570501
188.0	731.591123
189.0	734.611745
190.0	737.632367
191.0	740.652989
192.0	743.673611
193.0	746.694233
194.0	749.7148550000001
195.0	752.7354770000001
196.0	755.7560990000001
197.0	758.7767210000001
198.0	761.7973430000001
199.0	764.8179650000001
200.0	767.8385870000001
201.0	770.8592090000001
202.0	773.879831
203.0	776.900453
204.0	779.921075
205.0	782.941697
206.0	785.962319
207.0	788.982941
208.0	792.003563
209.0	795.024185
210.0	798.044807
211.0	801.065429
212.0	804.086051
213.0	807.106673
214.0	810.127295
215.0	813.147917
216.0	816.168539
217.0	819.189161
218.0	822.209783
219.0	825.230405
220.0	828.251027
221.0	831.271649
222.0	834.292271
223.0	837.312893
224.0	840.333515
225.0	843.354137
226.0	846.374759
227.0	849.395381
228.0	852.416003
229.0	855.436625
230.0	858.457247
231.0	861.477869
232.0	864.4984910000001
233.0	867.5191130000001
234.0	870.5397350000001
235.0	873.5603570000001
236.0	876.5809790000001
237.0	879.6016010000001
238.0	882.622223
239.0	885.642845
240.0	888.663467
241.0	891.684089
242.0	894.704711
243.0	897.725333
244.0	900.745955
245.0	903.766577
246.0	906.787199
247.0	909.807821
248.0	912.828443
249.0	915.849065
250.0	918.869687
251.0	921.890309
252.0	924.910931
253.0	927.931553
254.0	930.952175
255.0	933.972797
256.0	936.993419
257.0	940.014041
258.0	943.034663
259.0	946.055285
260.0	949.075907
261.0	952.096529
262.0	955.117151
263.0	958.137773
264.0	961.158395
265.0	964.179017
266.0	967.199639
267.0	970.220261
268.0	973.240883
269.0	976.261505
270.0	979.2821270000001
271.0	982.3027490000001
272.0	985.3233710000001
273.0	988.3439930000001
274.0	991.3646150000001
275.0	994.385237
276.0	997.405859
277.0	1000.426481
278.0	1003.447103
279.0	1006.467725
280.0	1009.488347
281.0	1012.508969
282.0	1015.529591
283.0	1018.550213
284.0	1021.570835
285.0	1024.591457
286.0	1027.612079
287.0	1030.632701
288.0	1033.653323
289.0	1036.673945
290.0	1039.694567
291.0	1042.715189
292.0	1045.735811
293.0	1048.756433
294.0	1051.777055
295.0	1054.797677
296.0	1057.818299
297.0	1060.838921
298.0	1063.859543
299.0	1066.880165
300.0	1069.900787
301.0	1072.921409
302.0	1075.942031
303.0	1078.962653
304.0	1081.983275
305.0	1085.003897
306.0	1088.024519
307.0	1091.045141
308.0	1094.065763
309.0	1097.086385
310.0	1100.107007
311.0	1103.1276289999998
312.0	1106.1482509999998
313.0	1109.1688729999998
314.0	1112.1894949999999
315.0	1115.2101169999999
316.0	1118.2307389999999
317.0	1121.2513609999999
318.0	1124.2719829999999
319.0	1127.2926049999999
320.0	1130.3132269999999
321.0	1133.3338489999999
322.0	1136.3544709999999
323.0	1139.3750929999999
324.0	1142.3957149999999
325.0	1145.4163369999999
326.0	1148.436959
327.0	1151.457581
328.0	1154.478203
329.0	1157.498825
330.0	1160.519447
331.0	1163.540069
332.0	1166.560691
333.0	1169.581313
334.0	1172.601935
335.0	1175.622557
336.0	1178.643179
337.0	1181.663801
338.0	1184.684423
339.0	1187.705045
340.0	1190.725667
341.0	1193.746289
342.0	1196.766911
343.0	1199.787533
344.0	1202.808155
345.0	1205.828777
346.0	1208.849399
347.0	1211.870021
348.0	1214.890643
349.0	1217.911265
350.0	1220.931887
351.0	1223.952509
352.0	1226.973131
353.0	1229.993753
354.0	1233.014375
355.0	1236.034997
356.0	1239.055619
357.0	1242.076241
358.0	1245.096863
359.0	1248.117485
360.0	1251.138107
361.0	1254.158729
362.0	1257.179351
363.0	1260.199973
364.0	1263.220595
365.0	1266.241217
366.0	1269.261839
367.0	1272.282461
368.0	1275.303083
369.0	1278.323705
370.0	1281.344327
371.0	1284.364949
372.0	1287.385571
373.0	1290.406193
374.0	1293.426815
375.0	1296.447437
376.0	1299.468059
377.0	1302.488681
378.0	1305.509303
379.0	1308.529925
380.0	1311.550547
381.0	1314.571169
382.0	1317.591791
383.0	1320.612413
384.0	1323.633035
385.0	1326.653657
386.0	1329.674279
387.0	1332.694901
388.0	1335.715523
389.0	1338.736145
390.0	1341.756767
391.0	1344.777389
392.0	1347.798011
393.0	1350.818633
394.0	1353.839255
395.0	1356.859877
396.0	1359.880499
397.0	1362.901121
398.0	1365.921743
399.0	1368.942365
400.0	1371.962987
401.0	1374.9836090000001
402.0	1378.0042310000001
403.0	1381.024853
404.0	1384.045475
405.0	1387.066097
406.0	1390.086719
407.0	1393.107341
408.0	1396.127963
409.0	1399.148585
410.0	1402.169207
411.0	1405.189829
412.0	1408.210451
413.0	1411.231073
414.0	1414.251695
415.0	1417.272317
416.0	1420.292939
417.0	1423.313561
418.0	1426.334183
419.0	1429.354805
420.0	1432.375427
421.0	1435.396049
422.0	1438.416671
423.0	1441.437293
424.0	1444.457915
425.0	1447.478537
426.0	1450.499159
427.0	1453.519781
428.0	1456.540403
429.0	1459.561025
430.0	1462.581647
431.0	1465.602269
432.0	1468.622891
433.0	1471.643513
434.0	1474.664135
435.0	1477.684757
436.0	1480.705379
437.0	1483.726001
438.0	1486.746623
439.0	1489.767245
440.0	1492.787867
441.0	1495.808489
442.0	1498.829111
443.0	1501.849733
444.0	1504.870355
445.0	1507.890977
446.0	1510.911599
447.0	1513.932221
448.0	1516.952843
449.0	1519.973465
450.0	1522.994087
451.0	1526.014709
452.0	1529.035331
453.0	1532.055953
454.0	1535.076575
455.0	1538.097197
456.0	1541.117819
457.0	1544.138441
458.0	1547.159063
459.0	1550.179685
460.0	1553.200307
461.0	1556.220929
462.0	1559.241551
463.0	1562.262173
464.0	1565.282795
465.0	1568.303417
466.0	1571.324039
467.0	1574.344661
468.0	1577.365283
469.0	1580.385905
470.0	1583.406527
471.0	1586.427149
472.0	1589.447771
473.0	1592.468393
474.0	1595.489015
475.0	1598.509637
476.0	1601.530259
477.0	1604.550881
478.0	1607.571503
479.0	1610.592125
480.0	1613.612747
481.0	1616.633369
482.0	1619.653991
483.0	1622.674613
484.0	1625.695235
485.0	1628.715857
486.0	1631.736479
487.0	1634.757101
488.0	1637.777723
489.0	1640.798345
490.0	1643.818967
491.0	1646.839589
492.0	1649.860211
493.0	1652.880833
494.0	1655.901455
495.0	1658.922077
496.0	1661.942699
497.0	1664.963321
498.0	1667.983943
499.0	1671.004565
500.0	1674.025187
