-500.0	0.0
-499.0	0.0
-498.0	0.0
-497.0	0.0
-496.0	0.0
-495.0	0.0
-494.0	0.0
-493.0	0.0
-492.0	0.0
-491.0	0.0
-490.0	0.0
-489.0	0.0
-488.0	0.0
-487.0	0.0
-486.0	0.0
-485.0	0.0
-484.0	0.0
-483.0	0.0
-482.0	0.0
-481.0	0.0
-480.0	0.0
-479.0	0.0
-478.0	0.0
-477.0	0.0
-476.0	0.0
-475.0	0.0
-474.0	0.0
-473.0	0.0
-472.0	0.0
-471.0	0.0
-470.0	0.0
-469.0	0.0
-468.0	0.0
-467.0	0.0
-466.0	0.0
-465.0	0.0
-464.0	0.0
-463.0	0.0
-462.0	0.0
-461.0	0.0
-460.0	0.0
-459.0	0.0
-458.0	0.0
-457.0	0.0
-456.0	0.0
-455.0	0.0
-454.0	0.0
-453.0	0.0
-452.0	0.0
-451.0	0.0
-450.0	0.0
-449.0	0.0
-448.0	0.0
-447.0	0.0
-446.0	0.0
-445.0	0.0
-444.0	0.0
-443.0	0.0
-442.0	0.0
-441.0	0.0
-440.0	0.0
-439.0	0.0
-438.0	0.0
-437.0	0.0
-436.0	0.0
-435.0	0.0
-434.0	0.0
-433.0	0.0
-432.0	0.0
-431.0	0.0
-430.0	0.0
-429.0	0.0
-428.0	0.0
-427.0	0.0
-426.0	0.0
-425.0	0.0
-424.0	0.0
-423.0	0.0
-422.0	0.0
-421.0	0.0
-420.0	0.0
-419.0	0.0
-418.0	0.0
-417.0	0.0
-416.0	0.0
-415.0	0.0
-414.0	0.0
-413.0	0.0
-412.0	0.0
-411.0	0.0
-410.0	0.0
-409.0	0.0
-408.0	0.0
-407.0	0.0
-406.0	0.0
-405.0	0.0
-404.0	0.0
-403.0	0.0
-402.0	0.0
-401.0	0.0
-400.0	0.0
-399.0	0.0
-398.0	0.0
-397.0	0.0
-396.0	0.0
-395.0	0.0
-394.0	0.0
-393.0	0.0
-392.0	0.0
-391.0	0.0
-390.0	0.0
-389.0	0.0
-388.0	0.0
-387.0	0.0
-386.0	0.0
-385.0	0.0
-384.0	0.0
-383.0	0.0
-382.0	0.0
-381.0	0.0
-380.0	0.0
-379.0	0.0
-378.0	0.0
-377.0	0.0
-376.0	0.0
-375.0	0.0
-374.0	0.0
-373.0	0.0
-372.0	0.0
-371.0	0.0
-370.0	0.0
-369.0	0.0
-368.0	0.0
-367.0	0.0
-366.0	0.0
-365.0	0.0
-364.0	0.0
-363.0	0.0
-362.0	0.0
-361.0	0.0
-360.0	0.0
-359.0	0.0
-358.0	0.0
-357.0	0.0
-356.0	0.0
-355.0	0.0
-354.0	0.0
-353.0	0.0
-352.0	0.0
-351.0	0.0
-350.0	0.0
-349.0	0.0
-348.0	0.0
-347.0	0.0
-346.0	0.0
-345.0	0.0
-344.0	0.0
-343.0	0.0
-342.0	0.0
-341.0	0.0
-340.0	0.0
-339.0	0.0
-338.0	0.0
-337.0	0.0
-336.0	0.0
-335.0	0.0
-334.0	0.0
-333.0	0.0
-332.0	0.0
-331.0	0.0
-330.0	0.0
-329.0	0.0
-328.0	0.0
-327.0	0.0
-326.0	0.0
-325.0	0.0
-324.0	0.0
-323.0	0.0
-322.0	0.0
-321.0	0.0
-320.0	0.0
-319.0	0.0
-318.0	0.0
-317.0	0.0
-316.0	0.0
-315.0	0.0
-314.0	0.0
-313.0	0.0
-312.0	0.0
-311.0	0.0
-310.0	0.0
-309.0	0.0
-308.0	0.0
-307.0	0.0
-306.0	0.0
-305.0	0.0
-304.0	0.0
-303.0	0.0
-302.0	0.0
-301.0	0.0
-300.0	0.0
-299.0	0.0
-298.0	0.0
-297.0	0.0
-296.0	0.0
-295.0	0.0
-294.0	0.0
-293.0	0.0
-292.0	0.0
-291.0	0.0
-290.0	0.0
-289.0	0.0
-288.0	0.0
-287.0	0.0
-286.0	0.0
-285.0	0.0
-284.0	0.0
-283.0	0.0
-282.0	0.0
-281.0	0.0
-280.0	0.0
-279.0	0.0
-278.0	0.0
-277.0	0.0
-276.0	0.0
-275.0	0.0
-274.0	0.0
-273.0	0.0
-272.0	0.0
-271.0	0.0
-270.0	0.0
-269.0	0.0
-268.0	0.0
-267.0	0.0
-266.0	0.0
-265.0	0.0
-264.0	0.0
-263.0	0.0
-262.0	0.0
-261.0	0.0
-260.0	0.0
-259.0	0.0
-258.0	0.0
-257.0	0.0
-256.0	0.0
-255.0	0.0
-254.0	0.0
-253.0	0.0
-252.0	0.0
-251.0	0.0
-250.0	0.0
-249.0	0.0
-248.0	0.0
-247.0	0.0
-246.0	0.0
-245.0	0.0
-244.0	0.0
-243.0	0.0
-242.0	0.0
-241.0	0.0
-240.0	0.0
-239.0	0.0
-238.0	0.0
-237.0	0.0
-236.0	0.0
-235.0	0.0
-234.0	0.0
-233.0	0.0
-232.0	0.0
-231.0	0.0
-230.0	0.0
-229.0	0.0
-228.0	0.0
-227.0	0.0
-226.0	0.0
-225.0	0.0
-224.0	0.0
-223.0	0.0
-222.0	0.0
-221.0	0.0
-220.0	0.0
-219.0	0.0
-218.0	0.0
-217.0	0.0
-216.0	0.0
-215.0	0.0
-214.0	0.0
-213.0	0.0
-212.0	0.0
-211.0	0.0
-210.0	0.0
-209.0	0.0
-208.0	0.0
-207.0	0.0
-206.0	0.0
-205.0	0.0
-204.0	0.0
-203.0	0.0
-202.0	0.0
-201.0	0.0
-200.0	0.0
-199.0	0.0
-198.0	0.0
-197.0	0.0
-196.0	0.0
-195.0	0.0
-194.0	0.0
-193.0	0.0
-192.0	0.0
-191.0	0.0
-190.0	0.0
-189.0	0.0
-188.0	0.0
-187.0	0.0
-186.0	0.0
-185.0	0.0
-184.0	0.0
-183.0	0.0
-182.0	0.0
-181.0	0.0
-180.0	0.0
-179.0	0.0
-178.0	0.0
-177.0	0.0
-176.0	0.0
-175.0	0.0
-174.0	0.0
-173.0	0.0
-172.0	0.0
-171.0	0.0
-170.0	0.0
-169.0	0.0
-168.0	0.0
-167.0	0.0
-166.0	0.0
-165.0	0.0
-164.0	0.0
-163.0	0.0
-162.0	0.0
-161.0	0.0
-160.0	0.0
-159.0	0.0
-158.0	0.0
-157.0	0.0
-156.0	0.0
-155.0	0.0
-154.0	0.0
-153.0	0.0
-152.0	0.0
-151.0	0.0
-150.0	0.0
-149.0	0.0
-148.0	0.0
-147.0	0.0
-146.0	0.0
-145.0	0.0
-144.0	0.0
-143.0	0.0
-142.0	0.0
-141.0	0.0
-140.0	0.0
-139.0	0.0
-138.0	0.0
-137.0	0.0
-136.0	0.0
-135.0	0.0
-134.0	0.0
-133.0	0.0
-132.0	0.0
-131.0	0.0
-130.0	0.0
-129.0	0.0
-128.0	0.0
-127.0	0.0
-126.0	0.0
-125.0	0.0
-124.0	0.0
-123.0	0.0
-122.0	0.0
-121.0	0.0
-120.0	0.0
-119.0	0.0
-118.0	0.0
-117.0	0.0
-116.0	0.0
-115.0	0.0
-114.0	0.0
-113.0	0.0
-112.0	0.0
-111.0	0.0
-110.0	0.0
-109.0	0.0
-108.0	0.0
-107.0	0.0
-106.0	0.0
-105.0	0.0
-104.0	0.0
-103.0	0.0
-102.0	0.0
-101.0	0.0
-100.0	0.0
-99.0	0.0
-98.0	0.0
-97.0	0.0
-96.0	0.0
-95.0	0.0
-94.0	0.0
-93.0	0.0
-92.0	0.0
-91.0	0.0
-90.0	0.0
-89.0	0.0
-88.0	0.0
-87.0	0.0
-86.0	0.0
-85.0	0.0
-84.0	0.0
-83.0	0.0
-82.0	0.0
-81.0	0.0
-80.0	0.0
-79.0	0.0
-78.0	0.0
-77.0	0.0
-76.0	0.0
-75.0	0.0
-74.0	0.0
-73.0	0.0
-72.0	0.0
-71.0	0.0
-70.0	0.0
-69.0	0.0
-68.0	0.0
-67.0	0.0
-66.0	0.0
-65.0	0.0
-64.0	0.0
-63.0	0.0
-62.0	0.0
-61.0	0.0
-60.0	0.0
-59.0	0.0
-58.0	0.0
-57.0	0.0
-56.0	0.0
-55.0	0.0
-54.0	0.0
-53.0	0.0
-52.0	0.0
-51.0	0.0
-50.0	0.0
-49.0	0.0
-48.0	0.0
-47.0	0.0
-46.0	0.0
-45.0	0.0
-44.0	0.0
-43.0	0.0
-42.0	0.0
-41.0	0.0
-40.0	0.0
-39.0	1.0
-38.0	2.0
-37.0	3.0
-36.0	4.0
-35.0	5.0
-34.0	6.0
-33.0	7.0
-32.0	8.0
-31.0	9.0
-30.0	10.0
-29.0	11.0
-28.0	12.0
-27.0	13.0
-26.0	14.0
-25.0	15.0
-24.0	16.0
-23.0	17.0
-22.0	18.0
-21.0	19.0
-20.0	20.0
-19.0	21.0
-18.0	22.0
-17.0	23.0
-16.0	24.0
-15.0	25.0
-14.0	26.0
-13.0	27.0
-12.0	28.0
-11.0	29.0
-10.0	30.0
-9.0	31.0
-8.0	32.0
-7.0	33.0
-6.0	34.0
-5.0	35.0
-4.0	36.0
-3.0	37.0
-2.0	38.0
-1.0	39.0
0.0	40.0
1.0	22.5
2.0	24.5
3.0	26.5
4.0	28.5
5.0	30.5
6.0	32.5
7.0	34.5
8.0	36.5
9.0	38.5
10.0	40.5
11.0	42.5
12.0	44.5
13.0	46.5
14.0	48.5
15.0	50.5
16.0	52.5
17.0	54.5
18.0	56.5
19.0	58.5
20.0	60.5
21.0	62.5
22.0	64.5
23.0	66.5
24.0	68.5
25.0	70.5
26.0	72.5
27.0	74.5
28.0	76.5
29.0	78.5
30.0	80.5
31.0	82.5
32.0	84.5
33.0	86.5
34.0	88.5
35.0	90.5
36.0	92.5
37.0	94.5
38.0	96.5
39.0	98.5
40.0	100.5
41.0	102.5
42.0	104.5
43.0	106.5
44.0	108.5
45.0	110.5
46.0	112.5
47.0	114.5
48.0	116.5
49.0	118.5
50.0	120.5
51.0	122.5
52.0	124.5
53.0	126.5
54.0	128.5
55.0	130.5
56.0	132.5
57.0	134.5
58.0	136.5
59.0	138.5
60.0	140.5
61.0	142.5
62.0	144.5
63.0	146.5
64.0	148.5
65.0	150.5
66.0	152.5
67.0	154.5
68.0	156.5
69.0	158.5
70.0	160.5
71.0	162.5
72.0	164.5
73.0	166.5
74.0	168.5
75.0	170.5
76.0	172.5
77.0	174.5
78.0	176.5
79.0	178.5
80.0	180.5
81.0	182.5
82.0	184.5
83.0	186.5
84.0	188.5
85.0	190.5
86.0	192.5
87.0	194.5
88.0	196.5
89.0	198.5
90.0	200.5
91.0	202.5
92.0	204.5
93.0	206.5
94.0	208.5
95.0	210.5
96.0	212.5
97.0	214.5
98.0	216.5
99.0	218.5
100.0	220.5
101.0	222.5
102.0	224.5
103.0	226.5
104.0	228.5
105.0	230.5
106.0	232.5
107.0	234.5
108.0	236.5
109.0	238.5
110.0	240.5
111.0	242.5
112.0	244.5
113.0	246.5
114.0	248.5
115.0	250.5
116.0	252.5
117.0	254.5
118.0	256.5
119.0	258.5
120.0	260.5
121.0	262.5
122.0	264.5
123.0	266.5
124.0	268.5
125.0	270.5
126.0	272.5
127.0	274.5
128.0	276.5
129.0	278.5
130.0	280.5
131.0	282.5
132.0	284.5
133.0	286.5
134.0	288.5
135.0	290.5
136.0	292.5
137.0	294.5
138.0	296.5
139.0	298.5
140.0	300.5
141.0	302.5
142.0	304.5
143.0	306.5
144.0	308.5
145.0	310.5
146.0	312.5
147.0	314.5
148.0	316.5
149.0	318.5
150.0	320.5
151.0	322.5
152.0	324.5
153.0	326.5
154.0	328.5
155.0	330.5
156.0	332.5
157.0	334.5
158.0	336.5
159.0	338.5
160.0	340.5
161.0	342.5
162.0	344.5
163.0	346.5
164.0	348.5
165.0	350.5
166.0	352.5
167.0	354.5
168.0	356.5
169.0	358.5
170.0	360.5
171.0	362.5
172.0	364.5
173.0	366.5
174.0	368.5
175.0	370.5
176.0	372.5
177.0	374.5
178.0	376.5
179.0	378.5
180.0	380.5
181.0	382.5
182.0	384.5
183.0	386.5
184.0	388.5
185.0	390.5
186.0	392.5
187.0	394.5
188.0	396.5
189.0	398.5
190.0	400.5
191.0	402.5
192.0	404.5
193.0	406.5
194.0	408.5
195.0	410.5
196.0	412.5
197.0	414.5
198.0	416.5
199.0	418.5
200.0	420.5
201.0	422.5
202.0	424.5
203.0	426.5
204.0	428.5
205.0	430.5
206.0	432.5
207.0	434.5
208.0	436.5
209.0	438.5
210.0	440.5
211.0	442.5
212.0	444.5
213.0	446.5
214.0	448.5
215.0	450.5
216.0	452.5
217.0	454.5
218.0	456.5
219.0	458.5
220.0	460.5
221.0	462.5
222.0	464.5
223.0	466.5
224.0	468.5
225.0	470.5
226.0	472.5
227.0	474.5
228.0	476.5
229.0	478.5
230.0	480.5
231.0	482.5
232.0	484.5
233.0	486.5
234.0	488.5
235.0	490.5
236.0	492.5
237.0	494.5
238.0	496.5
239.0	498.5
240.0	500.5
241.0	502.5
242.0	504.5
243.0	506.5
244.0	508.5
245.0	510.5
246.0	512.5
247.0	514.5
248.0	516.5
249.0	518.5
250.0	520.5
251.0	522.5
252.0	524.5
253.0	526.5
254.0	528.5
255.0	530.5
256.0	532.5
257.0	534.5
258.0	536.5
259.0	538.5
260.0	540.5
261.0	542.5
262.0	544.5
263.0	546.5
264.0	548.5
265.0	550.5
266.0	552.5
267.0	554.5
268.0	556.5
269.0	558.5
270.0	560.5
271.0	562.5
272.0	564.5
273.0	566.5
274.0	568.5
275.0	570.5
276.0	572.5
277.0	574.5
278.0	576.5
279.0	578.5
280.0	580.5
281.0	582.5
282.0	584.5
283.0	586.5
284.0	588.5
285.0	590.5
286.0	592.5
287.0	594.5
288.0	596.5
289.0	598.5
290.0	600.5
291.0	602.5
292.0	604.5
293.0	606.5
294.0	608.5
295.0	610.5
296.0	612.5
297.0	614.5
298.0	616.5
299.0	618.5
300.0	620.5
301.0	622.5
302.0	624.5
303.0	626.5
304.0	628.5
305.0	630.5
306.0	632.5
307.0	634.5
308.0	636.5
309.0	638.5
310.0	640.5
311.0	642.5
312.0	644.5
313.0	646.5
314.0	648.5
315.0	650.5
316.0	652.5
317.0	654.5
318.0	656.5
319.0	658.5
320.0	660.5
321.0	662.5
322.0	664.5
323.0	666.5
324.0	668.5
325.0	670.5
326.0	672.5
327.0	674.5
328.0	676.5
329.0	678.5
330.0	680.5
331.0	682.5
332.0	684.5
333.0	686.5
334.0	688.5
335.0	690.5
336.0	692.5
337.0	694.5
338.0	696.5
339.0	698.5
340.0	700.5
341.0	702.5
342.0	704.5
343.0	706.5
344.0	708.5
345.0	710.5
346.0	712.5
347.0	714.5
348.0	716.5
349.0	718.5
350.0	720.5
351.0	722.5
352.0	724.5
353.0	726.5
354.0	728.5
355.0	730.5
356.0	732.5
357.0	734.5
358.0	736.5
359.0	738.5
360.0	740.5
361.0	742.5
362.0	744.5
363.0	746.5
364.0	748.5
365.0	750.5
366.0	752.5
367.0	754.5
368.0	756.5
369.0	758.5
370.0	760.5
371.0	762.5
372.0	764.5
373.0	766.5
374.0	768.5
375.0	770.5
376.0	772.5
377.0	774.5
378.0	776.5
379.0	778.5
380.0	780.5
381.0	782.5
382.0	784.5
383.0	786.5
384.0	788.5
385.0	790.5
386.0	792.5
387.0	794.5
388.0	796.5
389.0	798.5
390.0	800.5
391.0	802.5
392.0	804.5
393.0	806.5
394.0	808.5
395.0	810.5
396.0	812.5
397.0	814.5
398.0	816.5
399.0	818.5
400.0	820.5
401.0	822.5
402.0	824.5
403.0	826.5
404.0	828.5
405.0	830.5
406.0	832.5
407.0	834.5
408.0	836.5
409.0	838.5
410.0	840.5
411.0	842.5
412.0	844.5
413.0	846.5
414.0	848.5
415.0	850.5
416.0	852.5
417.0	854.5
418.0	856.5
419.0	858.5
420.0	860.5
421.0	862.5
422.0	864.5
423.0	866.5
424.0	868.5
425.0	870.5
426.0	872.5
427.0	874.5
428.0	876.5
429.0	878.5
430.0	880.5
431.0	882.5
432.0	884.5
433.0	886.5
434.0	888.5
435.0	890.5
436.0	892.5
437.0	894.5
438.0	896.5
439.0	898.5
440.0	900.5
441.0	902.5
442.0	904.5
443.0	906.5
444.0	908.5
445.0	910.5
446.0	912.5
447.0	914.5
448.0	916.5
449.0	918.5
450.0	920.5
451.0	922.5
452.0	924.5
453.0	926.5
454.0	928.5
455.0	930.5
456.0	932.5
457.0	934.5
458.0	936.5
459.0	938.5
460.0	940.5
461.0	942.5
462.0	944.5
463.0	946.5
464.0	948.5
465.0	950.5
466.0	952.5
467.0	954.5
468.0	956.5
469.0	958.5
470.0	960.5
471.0	962.5
472.0	964.5
473.0	966.5
474.0	968.5
475.0	970.5
476.0	972.5
477.0	974.5
478.0	976.5
479.0	978.5
480.0	980.5
481.0	982.5
482.0	984.5
483.0	986.5
484.0	988.5
485.0	990.5
486.0	992.5
487.0	994.5
488.0	996.5
489.0	998.5
490.0	1000.5
491.0	1002.5
492.0	1004.5
493.0	1006.5
494.0	1008.5
495.0	1010.5
496.0	1012.5
497.0	1014.5
498.0	1016.5
499.0	1018.5
500.0	1020.5
