-16.0 -16.0 0.0 0.0 0.0 0.0 0.0 0.0 0.0 0.0 0.0 0.0 0.0 0.0 0.0 0.0 0.0 0.0 0.0 0.0 0.0 0.0 0.0 0.0 0.0 0.0 0.0 0.0 0.0 0.0 0.0 0.0 0.0 0.0 0.0 0.0 0.0 0.0 0.0 0.0 0.0 0.0 0.0 0.0 0.0 0.0 0.0 0.0 0.0 0.0 0.0 0.0 0.0 0.0 0.0 0.0 0.0 0.0 0.0 0.0 0.0 0.0 0.0 0.0 0.0 0.0 0.0 0.0 0.0 0.0 0.0 0.0 0.0 0.0 0.0 0.0 0.0 0.0 0.0 0.0 0.0 0.0 0.0 0.0 0.0 0.0 0.0 0.0 0.0 0.0 0.0 0.0 0.0 0.0 0.0 0.0 0.0 0.0 0.0 0.0 0.0 0.0 
-15.676767676767676 -15.676767676767676 0.0 0.0 0.0 0.0 0.0 0.0 0.0 0.0 0.0 0.0 0.0 0.0 0.0 0.0 0.0 0.0 0.0 0.0 0.0 0.0 0.0 0.0 0.0 0.0 0.0 0.0 0.0 0.0 0.0 0.0 0.0 0.0 0.0 0.0 0.0 0.0 0.0 0.0 0.0 0.0 0.0 0.0 0.0 0.0 0.0 0.0 0.0 0.0 0.0 0.0 0.0 0.0 0.0 0.0 0.0 0.0 0.0 0.0 0.0 0.0 0.0 0.0 0.0 0.0 0.0 0.0 0.0 0.0 0.0 0.0 0.0 0.0 0.0 0.0 0.0 0.0 0.0 0.0 0.0 0.0 0.0 0.0 0.0 0.0 0.0 0.0 0.0 0.0 0.0 0.0 0.0 0.0 0.0 0.0 0.0 0.0 0.0 0.0 0.0 0.0 
-15.353535353535353 -15.353535353535353 0.0 0.0 0.0 0.0 0.0 0.0 0.0 0.0 0.0 0.0 0.0 0.0 0.0 0.0 0.0 0.0 0.0 0.0 0.0 0.0 0.0 0.0 0.0 0.0 0.0 0.0 0.0 0.0 0.0 0.0 0.0 0.0 0.0 0.0 0.0 0.0 0.0 0.0 0.0 0.0 0.0 0.0 0.0 0.0 0.0 0.0 0.0 0.0 0.0 0.0 0.0 0.0 0.0 0.0 0.0 0.0 0.0 0.0 0.0 0.0 0.0 0.0 0.0 0.0 0.0 0.0 0.0 0.0 0.0 0.0 0.0 0.0 0.0 0.0 0.0 0.0 0.0 0.0 0.0 0.0 0.0 0.0 0.0 0.0 0.0 0.0 0.0 0.0 0.0 0.0 0.0 0.0 0.0 0.0 0.0 0.0 0.0 0.0 0.0 0.0 
-15.03030303030303 -15.03030303030303 0.0 0.0 0.0 0.0 0.0 0.0 0.0 0.0 0.0 0.0 0.0 0.0 0.0 0.0 0.0 0.0 0.0 0.0 0.0 0.0 0.0 0.0 0.0 0.0 0.0 0.0 0.0 0.0 0.0 0.0 0.0 0.0 0.0 0.0 0.0 0.0 0.0 0.0 0.0 0.0 0.0 0.0 0.0 0.0 0.0 0.0 0.0 0.0 0.0 0.0 0.0 0.0 0.0 0.0 0.0 0.0 0.0 0.0 0.0 0.0 0.0 0.0 0.0 0.0 0.0 0.0 0.0 0.0 0.0 0.0 0.0 0.0 0.0 0.0 0.0 0.0 0.0 0.0 0.0 0.0 0.0 0.0 0.0 0.0 0.0 0.0 0.0 0.0 0.0 0.0 0.0 0.0 0.0 0.0 0.0 0.0 0.0 0.0 0.0 0.0 
-14.707070707070706 -14.707070707070706 0.0 0.0 0.0 0.0 0.0 0.0 0.0 0.0 0.0 0.0 0.0 0.0 0.0 0.0 0.0 0.0 0.0 0.0 0.0 0.0 0.0 0.0 0.0 0.0 0.0 0.0 0.0 0.0 0.0 0.0 0.0 0.0 0.0 0.0 0.0 0.0 0.0 0.0 0.0 0.0 0.0 0.0 0.0 0.0 0.0 0.0 0.0 0.0 0.0 0.0 0.0 0.0 0.0 0.0 0.0 0.0 0.0 0.0 0.0 0.0 0.0 0.0 0.0 0.0 0.0 0.0 0.0 0.0 0.0 0.0 0.0 0.0 0.0 0.0 0.0 0.0 0.0 0.0 0.0 0.0 0.0 0.0 0.0 0.0 0.0 0.0 0.0 0.0 0.0 0.0 0.0 0.0 0.0 0.0 0.0 0.0 0.0 0.0 0.0 0.0 
-14.383838383838382 -14.383838383838382 0.0 0.0 0.0 0.0 0.0 0.0 0.0 0.0 0.0 0.0 0.0 0.0 0.0 0.0 0.0 0.0 0.0 0.0 0.0 0.0 0.0 0.0 0.0 0.0 0.0 0.0 0.0 0.0 0.0 0.0 0.0 0.0 0.0 0.0 0.0 0.0 0.0 0.0 0.0 0.0 0.0 0.0 0.0 0.0 0.0 0.0 0.0 0.0 0.0 0.0 0.0 0.0 0.0 0.0 0.0 0.0 0.0 0.0 0.0 0.0 0.0 0.0 0.0 0.0 0.0 0.0 0.0 0.0 0.0 0.0 0.0 0.0 0.0 0.0 0.0 0.0 0.0 0.0 0.0 0.0 0.0 0.0 0.0 0.0 0.0 0.0 0.0 0.0 0.0 0.0 0.0 0.0 0.0 0.0 0.0 0.0 0.0 0.0 0.0 0.0 
-14.060606060606059 -14.060606060606059 0.0 0.0 0.0 0.0 0.0 0.0 0.0 0.0 0.0 0.0 0.0 0.0 0.0 0.0 0.0 0.0 0.0 0.0 0.0 0.0 0.0 0.0 0.0 0.0 0.0 0.0 0.0 0.0 0.0 0.0 0.0 0.0 0.0 0.0 0.0 0.0 0.0 0.0 0.0 0.0 0.0 0.0 0.0 0.0 0.0 0.0 0.0 0.0 0.0 0.0 0.0 0.0 0.0 0.0 0.0 0.0 0.0 0.0 0.0 0.0 0.0 0.0 0.0 0.0 0.0 0.0 0.0 0.0 0.0 0.0 0.0 0.0 0.0 0.0 0.0 0.0 0.0 0.0 0.0 0.0 0.0 0.0 0.0 0.0 0.0 0.0 0.0 0.0 0.0 0.0 0.0 0.0 0.0 0.0 0.0 0.0 0.0 0.0 0.0 0.0 
-13.737373737373735 -13.737373737373735 0.0 0.0 0.0 0.0 0.0 0.0 0.0 0.0 0.0 0.0 0.0 0.0 0.0 0.0 0.0 0.0 0.0 0.0 0.0 0.0 0.0 0.0 0.0 0.0 0.0 0.0 0.0 0.0 0.0 0.0 0.0 0.0 0.0 0.0 0.0 0.0 0.0 0.0 0.0 0.0 0.0 0.0 0.0 0.0 0.0 0.0 0.0 0.0 0.0 0.0 0.0 0.0 0.0 0.0 0.0 0.0 0.0 0.0 0.0 0.0 0.0 0.0 0.0 0.0 0.0 0.0 0.0 0.0 0.0 0.0 0.0 0.0 0.0 0.0 0.0 0.0 0.0 0.0 0.0 0.0 0.0 0.0 0.0 0.0 0.0 0.0 0.0 0.0 0.0 0.0 0.0 0.0 0.0 0.0 0.0 0.0 0.0 0.0 0.0 0.0 
-13.414141414141412 -13.414141414141412 0.0 0.0 0.0 0.0 0.0 0.0 0.0 0.0 0.0 0.0 0.0 0.0 0.0 0.0 0.0 0.0 0.0 0.0 0.0 0.0 0.0 0.0 0.0 0.0 0.0 0.0 0.0 0.0 0.0 0.0 0.0 0.0 0.0 0.0 0.0 0.0 0.0 0.0 0.0 0.0 0.0 0.0 0.0 0.0 0.0 0.0 0.0 0.0 0.0 0.0 0.0 0.0 0.0 0.0 0.0 0.0 0.0 0.0 0.0 0.0 0.0 0.0 0.0 0.0 0.0 0.0 0.0 0.0 0.0 0.0 0.0 0.0 0.0 0.0 0.0 0.0 0.0 0.0 0.0 0.0 0.0 0.0 0.0 0.0 0.0 0.0 0.0 0.0 0.0 0.0 0.0 0.0 0.0 0.0 0.0 0.0 0.0 0.0 0.0 0.0 
-13.090909090909088 -13.090909090909088 0.0 0.0 0.0 0.0 0.0 0.0 0.0 0.0 0.0 0.0 0.0 0.0 0.0 0.0 0.0 0.0 0.0 0.0 0.0 0.0 0.0 0.0 0.0 0.0 0.0 0.0 0.0 0.0 0.0 0.0 0.0 0.0 0.0 0.0 0.0 0.0 0.0 0.0 0.0 0.0 0.0 0.0 0.0 0.0 0.0 0.0 0.0 0.0 0.0 0.0 0.0 0.0 0.0 0.0 0.0 0.0 0.0 0.0 0.0 0.0 0.0 0.0 0.0 0.0 0.0 0.0 0.0 0.0 0.0 0.0 0.0 0.0 0.0 0.0 0.0 0.0 0.0 0.0 0.0 0.0 0.0 0.0 0.0 0.0 0.0 0.0 0.0 0.0 0.0 0.0 0.0 0.0 0.0 0.0 0.0 0.0 0.0 0.0 0.0 0.0 
-12.767676767676765 -12.767676767676765 0.0 0.0 0.0 0.0 0.0 0.0 0.0 0.0 0.0 0.0 0.0 0.0 0.0 0.0 0.0 0.0 0.0 0.0 0.0 0.0 0.0 0.0 0.0 0.0 0.0 0.0 0.0 0.0 0.0 0.0 0.0 0.0 0.0 0.0 0.0 0.0 0.0 0.0 0.0 0.0 0.0 0.0 0.0 0.0 0.0 0.0 0.0 0.0 0.0 0.0 0.0 0.0 0.0 0.0 0.0 0.0 0.0 0.0 0.0 0.0 0.0 0.0 0.0 0.0 0.0 0.0 0.0 0.0 0.0 0.0 0.0 0.0 0.0 0.0 0.0 0.0 0.0 0.0 0.0 0.0 0.0 0.0 0.0 0.0 0.0 0.0 0.0 0.0 0.0 0.0 0.0 0.0 0.0 0.0 0.0 0.0 0.0 0.0 0.0 0.0 
-12.444444444444441 -12.444444444444441 0.0 0.0 0.0 0.0 0.0 0.0 0.0 0.0 0.0 0.0 0.0 0.0 0.0 0.0 0.0 0.0 0.0 0.0 0.0 0.0 0.0 0.0 0.0 0.0 0.0 0.0 0.0 0.0 0.0 0.0 0.0 0.0 0.0 0.0 0.0 0.0 0.0 0.0 0.0 0.0 0.0 0.0 0.0 0.0 0.0 0.0 0.0 0.0 0.0 0.0 0.0 0.0 0.0 0.0 0.0 0.0 0.0 0.0 0.0 0.0 0.0 0.0 0.0 0.0 0.0 0.0 0.0 0.0 0.0 0.0 0.0 0.0 0.0 0.0 0.0 0.0 0.0 0.0 0.0 0.0 0.0 0.0 0.0 0.0 0.0 0.0 0.0 0.0 0.0 0.0 0.0 0.0 0.0 0.0 0.0 0.0 0.0 0.0 0.0 0.0 
-12.121212121212118 -12.121212121212118 0.0 0.0 0.0 0.0 0.0 0.0 0.0 0.0 0.0 0.0 0.0 0.0 0.0 0.0 0.0 0.0 0.0 0.0 0.0 0.0 0.0 0.0 0.0 0.0 0.0 0.0 0.0 0.0 0.0 0.0 0.0 0.0 0.0 0.0 0.0 0.0 0.0 0.0 0.0 0.0 0.0 0.0 0.0 0.0 0.0 0.0 0.0 0.0 0.0 0.0 0.0 0.0 0.0 0.0 0.0 0.0 0.0 0.0 0.0 0.0 0.0 0.0 0.0 0.0 0.0 0.0 0.0 0.0 0.0 0.0 0.0 0.0 0.0 0.0 0.0 0.0 0.0 0.0 0.0 0.0 0.0 0.0 0.0 0.0 0.0 0.0 0.0 0.0 0.0 0.0 0.0 0.0 0.0 0.0 0.0 0.0 0.0 0.0 0.0 0.0 
-11.797979797979794 -11.797979797979794 0.0 0.0 0.0 0.0 0.0 0.0 0.0 0.0 0.0 0.0 0.0 0.0 0.0 0.0 0.0 0.0 0.0 0.0 0.0 0.0 0.0 0.0 0.0 0.0 0.0 0.0 0.0 0.0 0.0 0.0 0.0 0.0 0.0 0.0 0.0 0.0 0.0 0.0 0.0 0.0 0.0 0.0 0.0 0.0 0.0 0.0 0.0 0.0 0.0 0.0 0.0 0.0 0.0 0.0 0.0 0.0 0.0 0.0 0.0 0.0 0.0 0.0 0.0 0.0 0.0 0.0 0.0 0.0 0.0 0.0 0.0 0.0 0.0 0.0 0.0 0.0 0.0 0.0 0.0 0.0 0.0 0.0 0.0 0.0 0.0 0.0 0.0 0.0 0.0 0.0 0.0 0.0 0.0 0.0 0.0 0.0 0.0 0.0 0.0 0.0 
-11.47474747474747 -11.47474747474747 0.0 0.0 0.0 0.0 0.0 0.0 0.0 0.0 0.0 0.0 0.0 0.0 0.0 0.0 0.0 0.0 0.0 0.0 0.0 0.0 0.0 0.0 0.0 0.0 0.0 0.0 0.0 0.0 0.0 0.0 0.0 0.0 0.0 0.0 0.0 0.0 0.0 0.0 0.0 0.0 0.0 0.0 0.0 0.0 0.0 0.0 0.0 0.0 0.0 0.0 0.0 0.0 0.0 0.0 0.0 0.0 0.0 0.0 0.0 0.0 0.0 0.0 0.0 0.0 0.0 0.0 0.0 0.0 0.0 0.0 0.0 0.0 0.0 0.0 0.0 0.0 0.0 0.0 0.0 0.0 0.0 0.0 0.0 0.0 0.0 0.0 0.0 0.0 0.0 0.0 0.0 0.0 0.0 0.0 0.0 0.0 0.0 0.0 0.0 0.0 
-11.151515151515147 -11.151515151515147 0.0 0.0 0.0 0.0 0.0 0.0 0.0 0.0 0.0 0.0 0.0 0.0 0.0 0.0 0.0 0.0 0.0 0.0 0.0 0.0 0.0 0.0 0.0 0.0 0.0 0.0 0.0 0.0 0.0 0.0 0.0 0.0 0.0 0.0 0.0 0.0 0.0 0.0 0.0 0.0 0.0 0.0 0.0 0.0 0.0 0.0 0.0 0.0 0.0 0.0 0.0 0.0 0.0 0.0 0.0 0.0 0.0 0.0 0.0 0.0 0.0 0.0 0.0 0.0 0.0 0.0 0.0 0.0 0.0 0.0 0.0 0.0 0.0 0.0 0.0 0.0 0.0 0.0 0.0 0.0 0.0 0.0 0.0 0.0 0.0 0.0 0.0 0.0 0.0 0.0 0.0 0.0 0.0 0.0 0.0 0.0 0.0 0.0 0.0 0.0 
-10.828282828282823 -10.828282828282823 0.0 0.0 0.0 0.0 0.0 0.0 0.0 0.0 0.0 0.0 0.0 0.0 0.0 0.0 0.0 0.0 0.0 0.0 0.0 0.0 0.0 0.0 0.0 0.0 0.0 0.0 0.0 0.0 0.0 0.0 0.0 0.0 0.0 0.0 0.0 0.0 0.0 0.0 0.0 0.0 0.0 0.0 0.0 0.02058464484474018 0.04098222686437349 0.05798021188073459 0.07157859989382345 0.08177739090364007 0.08857658491018443 0.09197618191345656 0.09197618191345644 0.0885765849101841 0.08177739090363949 0.07157859989382265 0.057980211880733566 0.04098222686437224 0.020584644844738695 0.0 0.0 0.0 0.0 0.0 0.0 0.0 0.0 0.0 0.0 0.0 0.0 0.0 0.0 0.0 0.0 0.0 0.0 0.0 0.0 0.0 0.0 0.0 0.0 0.0 0.0 0.0 0.0 0.0 0.0 0.0 0.0 0.0 0.0 0.0 0.0 0.0 0.0 0.0 0.0 0.0 0.0 0.0 
-10.5050505050505 -10.5050505050505 0.0 0.0 0.0 0.0 0.0 0.0 0.0 0.0 0.0 0.0 0.0 0.0 0.0 0.0 0.0 0.0 0.0 0.0 0.0 0.0 0.0 0.0 0.0 0.0 0.0 0.0 0.0 0.0 0.0 0.0 0.0 0.0 0.0 0.0 0.0 0.0 0.0 0.0 0.0 0.017185047841468543 0.05118101787419077 0.08177739090364082 0.10897416692981862 0.1327713459527242 0.1531689279723575 0.1701669129887186 0.18376530100180746 0.19396409201162407 0.20076328601816845 0.20416288302144056 0.20416288302144045 0.2007632860181681 0.1939640920116235 0.18376530100180666 0.17016691298871758 0.15316892797235626 0.13277134595272272 0.10897416692981692 0.08177739090363888 0.051181017874188606 0.017185047841466128 0.0 0.0 0.0 0.0 0.0 0.0 0.0 0.0 0.0 0.0 0.0 0.0 0.0 0.0 0.0 0.0 0.0 0.0 0.0 0.0 0.0 0.0 0.0 0.0 0.0 0.0 0.0 0.0 0.0 0.0 0.0 0.0 0.0 0.0 0.0 0.0 0.0 0.0 0.0 
-10.181818181818176 -10.181818181818176 0.0 0.0 0.0 0.0 0.0 0.0 0.0 0.0 0.0 0.0 0.0 0.0 0.0 0.0 0.0 0.0 0.0 0.0 0.0 0.0 0.0 0.0 0.0 0.0 0.0 0.0 0.0 0.0 0.0 0.0 0.0 0.0 0.0 0.0 0.0 0.0 0.003586659828380634 0.04778142087091958 0.08857658491018638 0.12597215194618092 0.15996812197890314 0.1905644950083532 0.217761271034531 0.24155845005743656 0.26195603207706986 0.278954017093431 0.2925524051065198 0.30275119611633644 0.3095503901228808 0.31294998712615296 0.31294998712615285 0.3095503901228805 0.3027511961163359 0.29255240510651903 0.27895401709342993 0.26195603207706863 0.2415584500574351 0.2177612710345293 0.19056449500835126 0.15996812197890098 0.1259721519461785 0.08857658491018378 0.047781420870916747 0.0035866598283774143 0.0 0.0 0.0 0.0 0.0 0.0 0.0 0.0 0.0 0.0 0.0 0.0 0.0 0.0 0.0 0.0 0.0 0.0 0.0 0.0 0.0 0.0 0.0 0.0 0.0 0.0 0.0 0.0 0.0 0.0 0.0 0.0 0.0 0.0 0.0 0.0 
-9.858585858585853 -9.858585858585853 0.0 0.0 0.0 0.0 0.0 0.0 0.0 0.0 0.0 0.0 0.0 0.0 0.0 0.0 0.0 0.0 0.0 0.0 0.0 0.0 0.0 0.0 0.0 0.0 0.0 0.0 0.0 0.0 0.0 0.0 0.0 0.0 0.0 0.0 0.010385853834924741 0.06137980888400818 0.1089741669298196 0.15316892797235854 0.19396409201162534 0.23135965904761988 0.2653556290803421 0.29595200210979217 0.32314877813597 0.34694595715887555 0.3673435391785088 0.38434152419486994 0.39793991220795877 0.4081387032177754 0.4149378972243198 0.4183374942275919 0.4183374942275918 0.41493789722431945 0.40813870321777485 0.397939912207958 0.3843415241948689 0.3673435391785076 0.34694595715887405 0.32314877813596826 0.2959520021097902 0.26535562908033994 0.23135965904761746 0.19396409201162274 0.1531689279723557 0.10897416692981637 0.06137980888400485 0.010385853834921077 0.0 0.0 0.0 0.0 0.0 0.0 0.0 0.0 0.0 0.0 0.0 0.0 0.0 0.0 0.0 0.0 0.0 0.0 0.0 0.0 0.0 0.0 0.0 0.0 0.0 0.0 0.0 0.0 0.0 0.0 0.0 0.0 0.0 0.0 
-9.53535353535353 -9.53535353535353 0.0 0.0 0.0 0.0 0.0 0.0 0.0 0.0 0.0 0.0 0.0 0.0 0.0 0.0 0.0 0.0 0.0 0.0 0.0 0.0 0.0 0.0 0.0 0.0 0.0 0.0 0.0 0.0 0.0 0.0 0.0 0.0 1.870628251082751E-4 0.0579802118807361 0.11237376393309206 0.1633677189821755 0.21096207702798692 0.25515683807052586 0.29595200210979267 0.3333475691457872 0.3673435391785094 0.3979399122079595 0.4251366882341373 0.4489338672570429 0.46933144927667614 0.48632943429303727 0.4999278223061261 0.5101266133159428 0.516925807322487 0.5203254043257592 0.5203254043257591 0.5169258073224867 0.5101266133159421 0.4999278223061253 0.4863294342930362 0.4693314492766749 0.4489338672570414 0.4251366882341356 0.39793991220795755 0.36734353917850726 0.3333475691457848 0.29595200210979006 0.25515683807052303 0.2109620770279837 0.16336771898217217 0.1123737639330884 0.057980211880732324 1.8706282510405625E-4 0.0 0.0 0.0 0.0 0.0 0.0 0.0 0.0 0.0 0.0 0.0 0.0 0.0 0.0 0.0 0.0 0.0 0.0 0.0 0.0 0.0 0.0 0.0 0.0 0.0 0.0 0.0 0.0 0.0 0.0 0.0 0.0 
-9.212121212121206 -9.212121212121206 0.0 0.0 0.0 0.0 0.0 0.0 0.0 0.0 0.0 0.0 0.0 0.0 0.0 0.0 0.0 0.0 0.0 0.0 0.0 0.0 0.0 0.0 0.0 0.0 0.0 0.0 0.0 0.0 0.0 0.0 0.0 0.037582629861102945 0.0987753759200033 0.15656852497563112 0.21096207702798708 0.2619560320770705 0.30955039012288194 0.3537451511654209 0.3945403152046877 0.43193588224068225 0.46593185227340445 0.4965282253028545 0.5237250013290323 0.5475221803519379 0.5679197623715712 0.5849177473879322 0.5985161354010211 0.6087149264108378 0.6155141204173821 0.6189137174206543 0.6189137174206542 0.6155141204173817 0.6087149264108371 0.5985161354010203 0.5849177473879312 0.5679197623715699 0.5475221803519363 0.5237250013290305 0.49652822530285257 0.4659318522734023 0.4319358822406798 0.3945403152046851 0.35374515116541805 0.3095503901228787 0.2619560320770672 0.21096207702798342 0.15656852497562734 0.09877537591999908 0.037582629861098504 0.0 0.0 0.0 0.0 0.0 0.0 0.0 0.0 0.0 0.0 0.0 0.0 0.0 0.0 0.0 0.0 0.0 0.0 0.0 0.0 0.0 0.0 0.0 0.0 0.0 0.0 0.0 0.0 0.0 0.0 0.0 
-8.888888888888882 -8.888888888888882 0.0 0.0 0.0 0.0 0.0 0.0 0.0 0.0 0.0 0.0 0.0 0.0 0.0 0.0 0.0 0.0 0.0 0.0 0.0 0.0 0.0 0.0 0.0 0.0 0.0 0.0 0.0 0.0 0.0 1.870628251088302E-4 0.06817900289055334 0.1327713459527261 0.19396409201162645 0.2517572410672543 0.30615079311961024 0.3571447481686937 0.4047391062145051 0.44893386725704404 0.48972903129631085 0.5271245983323054 0.5611205683650275 0.5917169413944776 0.6189137174206555 0.642710896443561 0.6631084784631943 0.6801064634795554 0.6937048514926443 0.703903642502461 0.7107028365090052 0.7141024335122774 0.7141024335122773 0.7107028365090049 0.7039036425024603 0.6937048514926435 0.6801064634795544 0.6631084784631931 0.6427108964435595 0.6189137174206537 0.5917169413944757 0.5611205683650254 0.527124598332303 0.48972903129630824 0.4489338672570412 0.4047391062145019 0.35714474816869035 0.3061507931196066 0.2517572410672505 0.19396409201162224 0.13277134595272166 0.06817900289054912 1.8706282510405625E-4 0.0 0.0 0.0 0.0 0.0 0.0 0.0 0.0 0.0 0.0 0.0 0.0 0.0 0.0 0.0 0.0 0.0 0.0 0.0 0.0 0.0 0.0 0.0 0.0 0.0 0.0 0.0 0.0 0.0 
-8.565656565656559 -8.565656565656559 0.0 0.0 0.0 0.0 0.0 0.0 0.0 0.0 0.0 0.0 0.0 0.0 0.0 0.0 0.0 0.0 0.0 0.0 0.0 0.0 0.0 0.0 0.0 0.0 0.0 0.0 0.0 0.0 0.020584644844741762 0.0919761819134588 0.1599681219789033 0.22456046504107607 0.2857532110999764 0.34354636015560425 0.3979399122079602 0.44893386725704365 0.49652822530285506 0.540722986345394 0.5815181503846608 0.6189137174206554 0.6529096874533775 0.6835060604828276 0.7107028365090055 0.734500015531911 0.7548975975515443 0.7718955825679054 0.7854939705809942 0.7956927615908109 0.8024919555973552 0.8058915526006274 0.8058915526006273 0.8024919555973549 0.7956927615908103 0.7854939705809935 0.7718955825679044 0.7548975975515431 0.7345000155319095 0.7107028365090037 0.6835060604828257 0.6529096874533754 0.6189137174206529 0.5815181503846583 0.5407229863453912 0.49652822530285184 0.4489338672570403 0.39793991220795655 0.34354636015560047 0.2857532110999722 0.22456046504107163 0.1599681219788991 0.09197618191345402 0.020584644844736544 0.0 0.0 0.0 0.0 0.0 0.0 0.0 0.0 0.0 0.0 0.0 0.0 0.0 0.0 0.0 0.0 0.0 0.0 0.0 0.0 0.0 0.0 0.0 0.0 0.0 0.0 0.0 0.0 
-8.242424242424235 -8.242424242424235 0.0 0.0 0.0 0.0 0.0 0.0 0.0 0.0 0.0 0.0 0.0 0.0 0.0 0.0 0.0 0.0 0.0 0.0 0.0 0.0 0.0 0.0 0.0 0.0 0.0 0.0 0.0 0.03418303285783075 0.1089741669298201 0.18036570399853713 0.24835764406398164 0.3129499871261544 0.37414273318505475 0.4319358822406826 0.48632943429303854 0.537323389342122 0.5849177473879335 0.6291125084304723 0.6699076724697391 0.7073032395057337 0.7412992095384558 0.7718955825679059 0.7990923585940838 0.8228895376169894 0.8432871196366226 0.8602851046529837 0.8738834926660726 0.8840822836758893 0.8908814776824335 0.8942810746857057 0.8942810746857056 0.8908814776824332 0.8840822836758886 0.8738834926660718 0.8602851046529827 0.8432871196366214 0.8228895376169878 0.799092358594082 0.771895582567904 0.7412992095384537 0.7073032395057313 0.6699076724697366 0.6291125084304695 0.5849177473879301 0.5373233893421187 0.4863294342930349 0.4319358822406788 0.37414273318505054 0.31294998712614996 0.24835764406397742 0.18036570399853236 0.10897416692981488 0.034183032857825424 0.0 0.0 0.0 0.0 0.0 0.0 0.0 0.0 0.0 0.0 0.0 0.0 0.0 0.0 0.0 0.0 0.0 0.0 0.0 0.0 0.0 0.0 0.0 0.0 0.0 0.0 0.0 
-7.919191919191912 -7.919191919191912 0.0 0.0 0.0 0.0 0.0 0.0 0.0 0.0 0.0 0.0 0.0 0.0 0.0 0.0 0.0 0.0 0.0 0.0 0.0 0.0 0.0 0.0 0.0 0.0 0.0 0.0 0.040982226864375026 0.11917295793963678 0.19396409201162612 0.26535562908034316 0.33334756914578767 0.39793991220796043 0.4591326582668608 0.5169258073224886 0.5713193593748446 0.622313314423928 0.6699076724697395 0.7141024335122783 0.7548975975515452 0.7922931645875397 0.8262891346202619 0.8568855076497119 0.8840822836758898 0.9078794626987954 0.9282770447184286 0.9452750297347897 0.9588734177478786 0.9690722087576953 0.9758714027642396 0.9792709997675118 0.9792709997675116 0.9758714027642392 0.9690722087576946 0.9588734177478778 0.9452750297347887 0.9282770447184274 0.9078794626987938 0.884082283675888 0.85688550764971 0.8262891346202598 0.7922931645875373 0.7548975975515426 0.7141024335122755 0.6699076724697361 0.6223133144239247 0.5713193593748409 0.5169258073224848 0.45913265826685656 0.397939912207956 0.33334756914578345 0.2653556290803384 0.1939640920116209 0.11917295793963145 0.04098222686436992 0.0 0.0 0.0 0.0 0.0 0.0 0.0 0.0 0.0 0.0 0.0 0.0 0.0 0.0 0.0 0.0 0.0 0.0 0.0 0.0 0.0 0.0 0.0 0.0 0.0 0.0 
-7.595959595959588 -7.595959595959588 0.0 0.0 0.0 0.0 0.0 0.0 0.0 0.0 0.0 0.0 0.0 0.0 0.0 0.0 0.0 0.0 0.0 0.0 0.0 0.0 0.0 0.0 0.0 0.0 0.0 0.040982226864374915 0.12257255494290853 0.20076328601817028 0.2755544200901596 0.34694595715887666 0.4149378972243212 0.47953024028649394 0.5407229863453943 0.5985161354010221 0.6529096874533781 0.7039036425024615 0.751498000548273 0.7956927615908118 0.8364879256300787 0.8738834926660732 0.9078794626987954 0.9384758357282454 0.9656726117544233 0.9894697907773289 1.0098673727969623 1.0268653578133233 1.040463745826412 1.0506625368362288 1.0574617308427732 1.0608613278460453 1.060861327846045 1.0574617308427727 1.0506625368362281 1.0404637458264114 1.0268653578133222 1.009867372796961 0.9894697907773273 0.9656726117544215 0.9384758357282436 0.9078794626987933 0.8738834926660708 0.8364879256300761 0.795692761590809 0.7514980005482697 0.7039036425024582 0.6529096874533744 0.5985161354010183 0.5407229863453901 0.4795302402864895 0.41493789722431695 0.3469459571588719 0.2755544200901544 0.20076328601816495 0.12257255494290342 0.04098222686436914 0.0 0.0 0.0 0.0 0.0 0.0 0.0 0.0 0.0 0.0 0.0 0.0 0.0 0.0 0.0 0.0 0.0 0.0 0.0 0.0 0.0 0.0 0.0 0.0 0.0 
-7.2727272727272645 -7.2727272727272645 0.0 0.0 0.0 0.0 0.0 0.0 0.0 0.0 0.0 0.0 0.0 0.0 0.0 0.0 0.0 0.0 0.0 0.0 0.0 0.0 0.0 0.0 0.0 0.0 0.03418303285783075 0.11917295793963678 0.2007632860181704 0.27895401709343215 0.3537451511654215 0.4251366882341385 0.49312862829958304 0.5577209713617558 0.6189137174206562 0.676706866476284 0.7311004185286399 0.7820943735777234 0.8296887316235348 0.8738834926660737 0.9146786567053405 0.9520742237413351 0.9860701937740572 1.0166665668035073 1.043863342829685 1.0676605218525907 1.0880581038722241 1.1050560888885852 1.118654476901674 1.1288532679114907 1.135652461918035 1.1390520589213071 1.139052058921307 1.1356524619180346 1.12885326791149 1.1186544769016733 1.105056088888584 1.0880581038722228 1.0676605218525892 1.0438633428296835 1.0166665668035053 0.9860701937740551 0.9520742237413327 0.914678656705338 0.8738834926660709 0.8296887316235315 0.78209437357772 0.7311004185286363 0.6767068664762802 0.6189137174206519 0.5577209713617514 0.4931286282995788 0.42513668823413375 0.35374515116541627 0.2789540170934268 0.2007632860181653 0.11917295793963101 0.0341830328578252 0.0 0.0 0.0 0.0 0.0 0.0 0.0 0.0 0.0 0.0 0.0 0.0 0.0 0.0 0.0 0.0 0.0 0.0 0.0 0.0 0.0 0.0 0.0 0.0 
-6.949494949494941 -6.949494949494941 0.0 0.0 0.0 0.0 0.0 0.0 0.0 0.0 0.0 0.0 0.0 0.0 0.0 0.0 0.0 0.0 0.0 0.0 0.0 0.0 0.0 0.0 0.0 0.020584644844741762 0.1089741669298201 0.19396409201162612 0.27555442009015974 0.3537451511654215 0.42853628523741083 0.49992782230612787 0.5679197623715724 0.6325121054337451 0.6937048514926455 0.7514980005482733 0.8058915526006293 0.8568855076497127 0.9044798656955242 0.948674626738063 0.9894697907773299 1.0268653578133244 1.0608613278460466 1.0914577008754967 1.1186544769016744 1.14245165592458 1.1628492379442135 1.1798472229605745 1.1934456109736633 1.20364440198348 1.2104435959900244 1.2138431929932965 1.2138431929932962 1.210443595990024 1.2036444019834793 1.1934456109736626 1.1798472229605734 1.1628492379442121 1.1424516559245785 1.1186544769016729 1.0914577008754947 1.0608613278460446 1.026865357813322 0.9894697907773273 0.9486746267380602 0.9044798656955209 0.8568855076497094 0.8058915526006256 0.7514980005482695 0.6937048514926413 0.6325121054337407 0.5679197623715682 0.4999278223061231 0.4285362852374056 0.35374515116541616 0.27555442009015463 0.19396409201162035 0.10897416692981454 0.02058464484473599 0.0 0.0 0.0 0.0 0.0 0.0 0.0 0.0 0.0 0.0 0.0 0.0 0.0 0.0 0.0 0.0 0.0 0.0 0.0 0.0 0.0 0.0 0.0 
-6.626262626262617 -6.626262626262617 0.0 0.0 0.0 0.0 0.0 0.0 0.0 0.0 0.0 0.0 0.0 0.0 0.0 0.0 0.0 0.0 0.0 0.0 0.0 0.0 0.0 0.0 1.870628251088302E-4 0.0919761819134588 0.18036570399853713 0.26535562908034316 0.34694595715887677 0.4251366882341385 0.49992782230612787 0.5713193593748449 0.6393112994402894 0.7039036425024622 0.7650963885613625 0.8228895376169904 0.8772830896693463 0.9282770447184298 0.9758714027642412 1.02006616380678 1.0608613278460468 1.0982568948820415 1.1322528649147636 1.1628492379442137 1.1900460139703914 1.2138431929932971 1.2342407750129305 1.2512387600292916 1.2648371480423803 1.275035939052197 1.2818351330587414 1.2852347300620135 1.2852347300620133 1.281835133058741 1.2750359390521964 1.2648371480423797 1.2512387600292905 1.2342407750129292 1.2138431929932956 1.19004601397039 1.1628492379442117 1.1322528649147614 1.098256894882039 1.0608613278460444 1.0200661638067774 0.9758714027642379 0.9282770447184264 0.8772830896693427 0.8228895376169866 0.7650963885613583 0.7039036425024577 0.6393112994402852 0.5713193593748401 0.49992782230612265 0.4251366882341332 0.34694595715887167 0.2653556290803374 0.18036570399853158 0.09197618191345303 1.8706282510239092E-4 0.0 0.0 0.0 0.0 0.0 0.0 0.0 0.0 0.0 0.0 0.0 0.0 0.0 0.0 0.0 0.0 0.0 0.0 0.0 0.0 0.0 0.0 
-6.303030303030294 -6.303030303030294 0.0 0.0 0.0 0.0 0.0 0.0 0.0 0.0 0.0 0.0 0.0 0.0 0.0 0.0 0.0 0.0 0.0 0.0 0.0 0.0 0.0 0.0 0.06817900289055334 0.1599681219789033 0.24835764406398164 0.33334756914578767 0.4149378972243213 0.49312862829958304 0.5679197623715724 0.6393112994402894 0.7073032395057339 0.7718955825679067 0.833088328626807 0.8908814776824349 0.9452750297347908 0.9962689847838743 1.0438633428296857 1.0880581038722246 1.1288532679114915 1.166248834947486 1.2002448049802081 1.2308411780096582 1.258037954035836 1.2818351330587416 1.302232715078375 1.319230700094736 1.3328290881078249 1.3430278791176415 1.349827073124186 1.353226670127458 1.3532266701274578 1.3498270731241855 1.3430278791176409 1.3328290881078242 1.319230700094735 1.3022327150783737 1.28183513305874 1.2580379540358344 1.2308411780096562 1.2002448049802061 1.1662488349474835 1.1288532679114889 1.0880581038722217 1.0438633428296824 0.9962689847838709 0.9452750297347872 0.8908814776824311 0.8330883286268028 0.7718955825679022 0.7073032395057297 0.6393112994402846 0.5679197623715672 0.4931286282995777 0.4149378972243162 0.3333475691457819 0.2483576440639761 0.15996812197889754 0.0681790028905469 0.0 0.0 0.0 0.0 0.0 0.0 0.0 0.0 0.0 0.0 0.0 0.0 0.0 0.0 0.0 0.0 0.0 0.0 0.0 0.0 0.0 0.0 
-5.97979797979797 -5.97979797979797 0.0 0.0 0.0 0.0 0.0 0.0 0.0 0.0 0.0 0.0 0.0 0.0 0.0 0.0 0.0 0.0 0.0 0.0 0.0 0.0 0.0 0.037582629861102834 0.132771345952726 0.22456046504107596 0.3129499871261543 0.3979399122079603 0.47953024028649394 0.5577209713617557 0.632512105433745 0.7039036425024621 0.7718955825679066 0.8364879256300793 0.8976806716889797 0.9554738207446075 1.0098673727969634 1.0608613278460468 1.1084556858918584 1.1526504469343972 1.1934456109736642 1.2308411780096586 1.2648371480423808 1.2954335210718309 1.3226302970980086 1.3464274761209143 1.3668250581405477 1.3838230431569087 1.3974214311699975 1.4076202221798142 1.4144194161863586 1.4178190131896307 1.4178190131896304 1.4144194161863581 1.4076202221798135 1.3974214311699968 1.3838230431569076 1.3668250581405463 1.3464274761209127 1.322630297098007 1.2954335210718289 1.2648371480423788 1.2308411780096562 1.1934456109736615 1.1526504469343943 1.108455685891855 1.0608613278460437 1.0098673727969598 0.9554738207446037 0.8976806716889755 0.8364879256300749 0.7718955825679024 0.7039036425024573 0.6325121054337398 0.5577209713617504 0.47953024028648883 0.39793991220795455 0.31294998712614874 0.2245604650410702 0.13277134595271955 0.037582629861096395 0.0 0.0 0.0 0.0 0.0 0.0 0.0 0.0 0.0 0.0 0.0 0.0 0.0 0.0 0.0 0.0 0.0 0.0 0.0 0.0 0.0 
-5.656565656565647 -5.656565656565647 0.0 0.0 0.0 0.0 0.0 0.0 0.0 0.0 0.0 0.0 0.0 0.0 0.0 0.0 0.0 0.0 0.0 0.0 0.0 0.0 1.8706282510838612E-4 0.0987753759200034 0.19396409201162657 0.28575321109997653 0.37414273318505487 0.4591326582668609 0.5407229863453945 0.6189137174206563 0.6937048514926456 0.7650963885613626 0.8330883286268072 0.8976806716889799 0.9588734177478803 1.016666566803508 1.071060118855864 1.1220540739049474 1.169648431950759 1.2138431929932978 1.2546383570325648 1.2920339240685592 1.3260298941012814 1.3566262671307314 1.3838230431569092 1.4076202221798149 1.4280178041994482 1.4450157892158093 1.458614177228898 1.4688129682387148 1.4756121622452592 1.4790117592485312 1.479011759248531 1.4756121622452587 1.468812968238714 1.4586141772288974 1.4450157892158082 1.428017804199447 1.4076202221798133 1.3838230431569076 1.3566262671307294 1.3260298941012794 1.2920339240685568 1.254638357032562 1.213843192993295 1.1696484319507556 1.1220540739049443 1.0710601188558604 1.0166665668035044 0.958873417747876 0.8976806716889755 0.8330883286268029 0.7650963885613579 0.6937048514926404 0.6189137174206509 0.5407229863453894 0.4591326582668551 0.3741427331850493 0.28575321109997076 0.19396409201162013 0.09877537591999697 1.8706282510172478E-4 0.0 0.0 0.0 0.0 0.0 0.0 0.0 0.0 0.0 0.0 0.0 0.0 0.0 0.0 0.0 0.0 0.0 0.0 0.0 0.0 
-5.333333333333323 -5.333333333333323 0.0 0.0 0.0 0.0 0.0 0.0 0.0 0.0 0.0 0.0 0.0 0.0 0.0 0.0 0.0 0.0 0.0 0.0 0.0 0.0 0.05798021188073599 0.156568524975631 0.25175724106725417 0.34354636015560414 0.43193588224068247 0.5169258073224885 0.5985161354010221 0.6767068664762839 0.7514980005482732 0.8228895376169902 0.8908814776824348 0.9554738207446075 1.016666566803508 1.0744597158591356 1.1288532679114915 1.179847222960575 1.2274415810063866 1.2716363420489254 1.3124315060881924 1.3498270731241868 1.383823043156909 1.414419416186359 1.4416161922125368 1.4654133712354425 1.4858109532550758 1.502808938271437 1.5164073262845257 1.5266061172943424 1.5334053113008868 1.5368049083041588 1.5368049083041586 1.5334053113008863 1.5266061172943417 1.516407326284525 1.5028089382714358 1.4858109532550745 1.465413371235441 1.4416161922125352 1.414419416186357 1.383823043156907 1.3498270731241844 1.3124315060881897 1.2716363420489225 1.2274415810063832 1.1798472229605719 1.128853267911488 1.074459715859132 1.0166665668035035 0.9554738207446031 0.8908814776824305 0.8228895376169855 0.751498000548268 0.6767068664762785 0.598516135401017 0.5169258073224827 0.4319358822406769 0.34354636015559836 0.25175724106724773 0.15656852497562457 0.057980211880729327 0.0 0.0 0.0 0.0 0.0 0.0 0.0 0.0 0.0 0.0 0.0 0.0 0.0 0.0 0.0 0.0 0.0 0.0 0.0 0.0 
-5.010101010101 -5.010101010101 0.0 0.0 0.0 0.0 0.0 0.0 0.0 0.0 0.0 0.0 0.0 0.0 0.0 0.0 0.0 0.0 0.0 0.0 0.0 0.01038585383492463 0.11237376393309195 0.21096207702798697 0.30615079311961013 0.3979399122079601 0.48632943429303843 0.5713193593748445 0.6529096874533781 0.7311004185286398 0.8058915526006292 0.8772830896693462 0.9452750297347907 1.0098673727969634 1.071060118855864 1.1288532679114915 1.1832468199638475 1.234240775012931 1.2818351330587425 1.3260298941012814 1.3668250581405483 1.4042206251765428 1.438216595209265 1.468812968238715 1.4960097442648927 1.5198069232877984 1.5402045053074318 1.5572024903237929 1.5708008783368816 1.5809996693466983 1.5877988633532427 1.5911984603565148 1.5911984603565146 1.5877988633532423 1.5809996693466977 1.570800878336881 1.5572024903237918 1.5402045053074305 1.5198069232877969 1.4960097442648912 1.468812968238713 1.438216595209263 1.4042206251765403 1.3668250581405457 1.3260298941012785 1.2818351330587392 1.2342407750129278 1.183246819963844 1.128853267911488 1.0710601188558595 1.009867372796959 0.9452750297347865 0.8772830896693414 0.805891552600624 0.7311004185286345 0.652909687453373 0.5713193593748387 0.4863294342930329 0.3979399122079543 0.3061507931196037 0.21096207702798053 0.11237376393308529 0.010385853834917969 0.0 0.0 0.0 0.0 0.0 0.0 0.0 0.0 0.0 0.0 0.0 0.0 0.0 0.0 0.0 0.0 0.0 0.0 0.0 
-4.686868686868676 -4.686868686868676 0.0 0.0 0.0 0.0 0.0 0.0 0.0 0.0 0.0 0.0 0.0 0.0 0.0 0.0 0.0 0.0 0.0 0.0 0.0 0.06137980888400807 0.1633677189821754 0.2619560320770704 0.35714474816869357 0.44893386725704354 0.5373233893421219 0.6223133144239279 0.7039036425024615 0.7820943735777233 0.8568855076497126 0.9282770447184296 0.9962689847838742 1.0608613278460468 1.1220540739049474 1.179847222960575 1.234240775012931 1.2852347300620144 1.332829088107826 1.3770238491503648 1.4178190131896318 1.4552145802256262 1.4892105502583484 1.5198069232877984 1.5470036993139762 1.5708008783368819 1.5911984603565152 1.6081964453728763 1.621794833385965 1.6319936243957818 1.6387928184023262 1.6421924154055982 1.642192415405598 1.6387928184023257 1.631993624395781 1.6217948333859644 1.6081964453728752 1.591198460356514 1.5708008783368803 1.5470036993139746 1.5198069232877964 1.4892105502583464 1.4552145802256238 1.417819013189629 1.377023849150362 1.3328290881078226 1.2852347300620113 1.2342407750129274 1.1798472229605714 1.122054073904943 1.0608613278460424 0.9962689847838699 0.9282770447184249 0.8568855076497074 0.7820943735777179 0.7039036425024564 0.6223133144239221 0.5373233893421163 0.44893386725703777 0.35714474816868713 0.26195603207706397 0.16336771898216873 0.06137980888400141 0.0 0.0 0.0 0.0 0.0 0.0 0.0 0.0 0.0 0.0 0.0 0.0 0.0 0.0 0.0 0.0 0.0 0.0 0.0 
-4.363636363636353 -4.363636363636353 0.0 0.0 0.0 0.0 0.0 0.0 0.0 0.0 0.0 0.0 0.0 0.0 0.0 0.0 0.0 0.0 0.0 0.0 0.0035866598283806894 0.10897416692981965 0.21096207702798697 0.309550390122882 0.40473910621450515 0.4965282253028551 0.5849177473879335 0.6699076724697395 0.7514980005482731 0.8296887316235348 0.9044798656955242 0.9758714027642412 1.0438633428296857 1.1084556858918586 1.1696484319507587 1.2274415810063868 1.2818351330587427 1.3328290881078262 1.3804234461536375 1.4246182071961764 1.4654133712354431 1.5028089382714378 1.53680490830416 1.56740128133361 1.5945980573597878 1.6183952363826934 1.6387928184023268 1.655790803418688 1.6693891914317767 1.6795879824415934 1.6863871764481377 1.6897867734514098 1.6897867734514096 1.6863871764481373 1.6795879824415927 1.669389191431776 1.6557908034186868 1.6387928184023255 1.618395236382692 1.5945980573597862 1.567401281333608 1.5368049083041577 1.5028089382714354 1.4654133712354407 1.4246182071961737 1.3804234461536342 1.3328290881078226 1.281835133058739 1.2274415810063828 1.1696484319507547 1.1084556858918542 1.0438633428296815 0.9758714027642365 0.904479865695519 0.8296887316235295 0.751498000548268 0.6699076724697337 0.5849177473879279 0.49652822530284935 0.4047391062144987 0.30955039012287555 0.2109620770279803 0.10897416692981299 0.00358665982837314 0.0 0.0 0.0 0.0 0.0 0.0 0.0 0.0 0.0 0.0 0.0 0.0 0.0 0.0 0.0 0.0 0.0 0.0 
-4.040404040404029 -4.040404040404029 0.0 0.0 0.0 0.0 0.0 0.0 0.0 0.0 0.0 0.0 0.0 0.0 0.0 0.0 0.0 0.0 0.0 0.0 0.04778142087091952 0.15316892797235848 0.2551568380705258 0.3537451511654208 0.448933867257044 0.540722986345394 0.6291125084304723 0.7141024335122783 0.7956927615908119 0.8738834926660737 0.948674626738063 1.02006616380678 1.0880581038722246 1.1526504469343974 1.2138431929932976 1.2716363420489256 1.3260298941012816 1.377023849150365 1.4246182071961764 1.4688129682387152 1.509608132277982 1.5470036993139766 1.5809996693466988 1.6115960423761488 1.6387928184023266 1.6625899974252323 1.6829875794448657 1.6999855644612267 1.7135839524743155 1.7237827434841322 1.7305819374906766 1.7339815344939487 1.7339815344939484 1.7305819374906761 1.7237827434841315 1.7135839524743148 1.6999855644612256 1.6829875794448643 1.6625899974252307 1.638792818402325 1.6115960423761468 1.5809996693466966 1.5470036993139742 1.5096081322779795 1.4688129682387125 1.424618207196173 1.3770238491503615 1.3260298941012778 1.2716363420489216 1.2138431929932936 1.152650446934393 1.0880581038722204 1.0200661638067752 0.9486746267380578 0.8738834926660684 0.7956927615908068 0.7141024335122725 0.6291125084304667 0.5407229863453882 0.44893386725703754 0.3537451511654144 0.25515683807051914 0.15316892797235182 0.04778142087091197 0.0 0.0 0.0 0.0 0.0 0.0 0.0 0.0 0.0 0.0 0.0 0.0 0.0 0.0 0.0 0.0 0.0 0.0 
-3.717171717171706 -3.717171717171706 0.0 0.0 0.0 0.0 0.0 0.0 0.0 0.0 0.0 0.0 0.0 0.0 0.0 0.0 0.0 0.0 0.0 0.0 0.0885765849101865 0.19396409201162546 0.2959520021097928 0.3945403152046878 0.48972903129631096 0.5815181503846609 0.6699076724697393 0.7548975975515453 0.8364879256300789 0.9146786567053407 0.98946979077733 1.060861327846047 1.1288532679114915 1.1934456109736642 1.2546383570325648 1.3124315060881924 1.3668250581405483 1.4178190131896318 1.4654133712354434 1.5096081322779822 1.5504032963172492 1.5877988633532436 1.6217948333859658 1.6523912064154158 1.6795879824415936 1.7033851614644993 1.7237827434841326 1.7407807285004937 1.7543791165135825 1.7645779075233992 1.7713771015299435 1.7747766985332156 1.7747766985332154 1.771377101529943 1.7645779075233985 1.7543791165135818 1.7407807285004926 1.7237827434841313 1.7033851614644977 1.679587982441592 1.6523912064154138 1.6217948333859638 1.5877988633532412 1.5504032963172465 1.5096081322779793 1.46541337123544 1.4178190131896287 1.3668250581405448 1.3124315060881888 1.2546383570325603 1.1934456109736598 1.1288532679114873 1.0608613278460424 0.9894697907773248 0.9146786567053353 0.8364879256300738 0.7548975975515395 0.6699076724697337 0.5815181503846552 0.4897290312963045 0.39454031520468136 0.2959520021097861 0.1939640920116188 0.08857658491017895 0.0 0.0 0.0 0.0 0.0 0.0 0.0 0.0 0.0 0.0 0.0 0.0 0.0 0.0 0.0 0.0 0.0 0.0 
-3.393939393939383 -3.393939393939383 0.0 0.0 0.0 0.0 0.0 0.0 0.0 0.0 0.0 0.0 0.0 0.0 0.0 0.0 0.0 0.0 0.0 0.01718504784146857 0.12597215194618094 0.2313596590476199 0.3333475691457872 0.43193588224068225 0.5271245983323054 0.6189137174206554 0.7073032395057337 0.7922931645875397 0.8738834926660733 0.9520742237413351 1.0268653578133244 1.0982568948820415 1.166248834947486 1.2308411780096589 1.292033924068559 1.349827073124187 1.404220625176543 1.4552145802256264 1.5028089382714378 1.5470036993139766 1.5877988633532434 1.625194430389238 1.6591904004219602 1.6897867734514103 1.716983549477588 1.7407807285004937 1.761178310520127 1.7781762955364881 1.791774683549577 1.8019734745593936 1.808772668565938 1.81217226556921 1.8121722655692099 1.8087726685659375 1.801973474559393 1.7917746835495763 1.778176295536487 1.7611783105201257 1.7407807285004921 1.7169835494775865 1.6897867734514083 1.659190400421958 1.6251944303892356 1.587798863353241 1.547003699313974 1.5028089382714345 1.455214580225623 1.4042206251765392 1.349827073124183 1.292033924068555 1.2308411780096544 1.1662488349474818 1.0982568948820366 1.0268653578133193 0.9520742237413298 0.8738834926660682 0.792293164587534 0.7073032395057282 0.6189137174206496 0.527124598332299 0.4319358822406758 0.33334756914578056 0.23135965904761324 0.1259721519461734 0.017185047841461465 0.0 0.0 0.0 0.0 0.0 0.0 0.0 0.0 0.0 0.0 0.0 0.0 0.0 0.0 0.0 0.0 0.0 
-3.07070707070706 -3.07070707070706 0.0 0.0 0.0 0.0 0.0 0.0 0.0 0.0 0.0 0.0 0.0 0.0 0.0 0.0 0.0 0.0 0.0 0.051181017874190715 0.1599681219789031 0.26535562908034205 0.36734353917850937 0.4659318522734044 0.5611205683650275 0.6529096874533775 0.7412992095384558 0.8262891346202619 0.9078794626987955 0.9860701937740572 1.0608613278460466 1.1322528649147636 1.2002448049802081 1.264837148042381 1.3260298941012811 1.3838230431569092 1.4382165952092651 1.4892105502583486 1.53680490830416 1.5809996693466988 1.6217948333859655 1.6591904004219602 1.6931863704546823 1.7237827434841324 1.7509795195103102 1.7747766985332158 1.7951742805528492 1.8121722655692103 1.825770653582299 1.8359694445921158 1.8427686385986601 1.8461682356019322 1.846168235601932 1.8427686385986597 1.835969444592115 1.8257706535822984 1.8121722655692092 1.795174280552848 1.7747766985332143 1.7509795195103086 1.7237827434841304 1.6931863704546801 1.6591904004219578 1.621794833385963 1.5809996693466961 1.5368049083041566 1.489210550258345 1.4382165952092614 1.3838230431569052 1.3260298941012771 1.2648371480423766 1.200244804980204 1.1322528649147587 1.0608613278460415 0.9860701937740519 0.9078794626987904 0.8262891346202561 0.7412992095384503 0.6529096874533717 0.5611205683650211 0.46593185227339795 0.3673435391785027 0.2653556290803354 0.15996812197889554 0.05118101787418361 0.0 0.0 0.0 0.0 0.0 0.0 0.0 0.0 0.0 0.0 0.0 0.0 0.0 0.0 0.0 0.0 0.0 
-2.7474747474747367 -2.7474747474747367 0.0 0.0 0.0 0.0 0.0 0.0 0.0 0.0 0.0 0.0 0.0 0.0 0.0 0.0 0.0 0.0 0.0 0.08177739090364078 0.19056449500835315 0.2959520021097921 0.39793991220795943 0.49652822530285445 0.5917169413944776 0.6835060604828276 0.7718955825679059 0.8568855076497119 0.9384758357282456 1.0166665668035073 1.0914577008754967 1.1628492379442137 1.2308411780096582 1.295433521071831 1.3566262671307312 1.4144194161863592 1.4688129682387152 1.5198069232877987 1.56740128133361 1.6115960423761488 1.6523912064154156 1.6897867734514103 1.7237827434841324 1.7543791165135825 1.7815758925397602 1.805373071562666 1.8257706535822993 1.8427686385986604 1.8739174886361136 1.953876010153076 2.0071816911643836 2.0338345316700375 2.0338345316700366 2.007181691164381 1.9538760101530717 1.8739174886361074 1.8427686385986592 1.825770653582298 1.8053730715626644 1.7815758925397587 1.7543791165135805 1.7237827434841302 1.6897867734514078 1.6523912064154131 1.6115960423761462 1.5674012813336067 1.519806923287795 1.4688129682387114 1.4144194161863552 1.3566262671307272 1.2954335210718266 1.230841178009654 1.1628492379442088 1.0914577008754915 1.016666566803502 0.9384758357282404 0.8568855076497062 0.7718955825679004 0.6835060604828218 0.5917169413944712 0.496528225302848 0.3979399122079528 0.29595200210978545 0.1905644950083456 0.08177739090363367 0.0 0.0 0.0 0.0 0.0 0.0 0.0 0.0 0.0 0.0 0.0 0.0 0.0 0.0 0.0 0.0 0.0 
-2.4242424242424137 -2.4242424242424137 0.0 0.0 0.0 0.0 0.0 0.0 0.0 0.0 0.0 0.0 0.0 0.0 0.0 0.0 0.0 0.0 0.0 0.10897416692981854 0.2177612710345309 0.32314877813596987 0.4251366882341372 0.5237250013290322 0.6189137174206554 0.7107028365090053 0.7990923585940837 0.8840822836758897 0.9656726117544233 1.043863342829685 1.1186544769016744 1.1900460139703914 1.258037954035836 1.3226302970980086 1.3838230431569092 1.4416161922125368 1.4960097442648927 1.5470036993139762 1.5945980573597878 1.6387928184023266 1.6795879824415936 1.716983549477588 1.7509795195103102 1.7815758925397602 1.808772668565938 1.8325698475888437 1.852967429608477 1.9805288506587315 2.087140212681348 2.1670987341983103 2.220404415209618 2.2470572557152715 2.2470572557152706 2.2204044152096154 2.167098734198306 2.0871402126813416 1.9805288506587235 1.8529674296084757 1.8325698475888421 1.8087726685659364 1.7815758925397582 1.7509795195103082 1.7169835494775856 1.679587982441591 1.6387928184023237 1.5945980573597844 1.547003699313973 1.4960097442648892 1.4416161922125332 1.3838230431569047 1.3226302970980042 1.2580379540358317 1.1900460139703868 1.118654476901669 1.0438633428296797 0.9656726117544182 0.8840822836758839 0.7990923585940781 0.7107028365089996 0.6189137174206489 0.5237250013290258 0.42513668823413053 0.3231487781359632 0.21776127103452336 0.10897416692981143 0.0 0.0 0.0 0.0 0.0 0.0 0.0 0.0 0.0 0.0 0.0 0.0 0.0 0.0 0.0 0.0 0.0 
-2.1010101010100906 -2.1010101010100906 0.0 0.0 0.0 0.0 0.0 0.0 0.0 0.0 0.0 0.0 0.0 0.0 0.0 0.0 0.0 0.0 0.020584644844740208 0.13277134595272422 0.2415584500574366 0.34694595715887555 0.4489338672570429 0.5475221803519379 0.642710896443561 0.734500015531911 0.8228895376169894 0.9078794626987954 0.989469790777329 1.0676605218525907 1.14245165592458 1.2138431929932971 1.2818351330587416 1.3464274761209145 1.4076202221798146 1.4654133712354427 1.5198069232877987 1.570800878336882 1.6183952363826934 1.6625899974252323 1.703385161464499 1.7407807285004937 1.7747766985332158 1.805373071562666 1.8325698475888437 1.8739174886361143 2.0338345316700397 2.167098734198311 2.273710096220927 2.3536686177378896 2.4069742987491973 2.4336271392548507 2.43362713925485 2.4069742987491947 2.353668617737885 2.273710096220921 2.167098734198303 2.03383453167003 1.8739174886361027 1.8325698475888421 1.805373071562664 1.7747766985332136 1.7407807285004913 1.7033851614644966 1.6625899974252296 1.6183952363826901 1.5708008783368785 1.5198069232877949 1.4654133712354387 1.4076202221798106 1.34642747612091 1.2818351330587374 1.2138431929932922 1.142451655924575 1.0676605218525854 0.9894697907773239 0.9078794626987896 0.8228895376169838 0.7345000155319052 0.6427108964435546 0.5475221803519315 0.4489338672570362 0.3469459571588689 0.24155845005742904 0.1327713459527171 0.02058464484473288 0.0 0.0 0.0 0.0 0.0 0.0 0.0 0.0 0.0 0.0 0.0 0.0 0.0 0.0 0.0 0.0 
-1.7777777777777672 -1.7777777777777672 0.0 0.0 0.0 0.0 0.0 0.0 0.0 0.0 0.0 0.0 0.0 0.0 0.0 0.0 0.0 0.0 0.04098222686437358 0.1531689279723576 0.26195603207706997 0.3673435391785089 0.46933144927667625 0.5679197623715713 0.6631084784631944 0.7548975975515444 0.8432871196366227 0.9282770447184288 1.0098673727969625 1.0880581038722241 1.1628492379442135 1.2342407750129305 1.302232715078375 1.3668250581405479 1.428017804199448 1.485810953255076 1.540204505307432 1.5911984603565155 1.6387928184023268 1.6829875794448657 1.7237827434841324 1.761178310520127 1.7951742805528492 1.8257706535822993 1.852967429608477 2.0338345316700397 2.193751574703965 2.327015777232236 2.4336271392548525 2.513585660771815 2.5668913417831227 2.593544182288776 2.5935441822887753 2.56689134178312 2.5135856607718106 2.4336271392548463 2.327015777232228 2.1937515747039553 2.033834531670028 1.8529674296084755 1.8257706535822973 1.795174280552847 1.7611783105201246 1.72378274348413 1.682987579444863 1.6387928184023235 1.591198460356512 1.5402045053074283 1.485810953255072 1.428017804199444 1.3668250581405434 1.3022327150783708 1.2342407750129256 1.1628492379442084 1.0880581038722188 1.0098673727969572 0.928277044718423 0.8432871196366172 0.7548975975515386 0.663108478463188 0.5679197623715648 0.4693314492766696 0.36734353917850227 0.2619560320770624 0.1531689279723505 0.040982226864366256 0.0 0.0 0.0 0.0 0.0 0.0 0.0 0.0 0.0 0.0 0.0 0.0 0.0 0.0 0.0 0.0 
-1.454545454545444 -1.454545454545444 0.0 0.0 0.0 0.0 0.0 0.0 0.0 0.0 0.0 0.0 0.0 0.0 0.0 0.0 0.0 0.0 0.057980211880734656 0.17016691298871867 0.27895401709343104 0.38434152419487 0.4863294342930373 0.5849177473879323 0.6801064634795555 0.7718955825679055 0.8602851046529838 0.9452750297347898 1.0268653578133233 1.1050560888885852 1.1798472229605745 1.2512387600292916 1.319230700094736 1.3838230431569087 1.4450157892158093 1.502808938271437 1.5572024903237929 1.6081964453728763 1.655790803418688 1.6999855644612267 1.7407807285004937 1.7781762955364881 1.8121722655692103 1.8427686385986604 1.9805288506587313 2.167098734198311 2.327015777232236 2.4602799797605073 2.5668913417831236 2.646849863300086 2.700155544311394 2.7268083848170472 2.7268083848170463 2.700155544311391 2.6468498633000817 2.5668913417831174 2.4602799797604993 2.3270157772322264 2.1670987341982992 1.9805288506587175 1.8427686385986584 1.8121722655692083 1.7781762955364857 1.740780728500491 1.6999855644612238 1.6557908034186846 1.6081964453728732 1.5572024903237893 1.5028089382714334 1.4450157892158049 1.3838230431569043 1.3192307000947319 1.251238760029287 1.1798472229605692 1.1050560888885799 1.0268653578133184 0.9452750297347841 0.8602851046529782 0.7718955825678997 0.6801064634795491 0.5849177473879259 0.48632943429303066 0.38434152419486334 0.2789540170934235 0.17016691298871156 0.05798021188072733 0.0 0.0 0.0 0.0 0.0 0.0 0.0 0.0 0.0 0.0 0.0 0.0 0.0 0.0 0.0 0.0 
-1.1313131313131206 -1.1313131313131206 0.0 0.0 0.0 0.0 0.0 0.0 0.0 0.0 0.0 0.0 0.0 0.0 0.0 0.0 0.0 0.0 0.07157859989382342 0.18376530100180744 0.2925524051065198 0.39793991220795877 0.4999278223061261 0.5985161354010211 0.6937048514926443 0.7854939705809942 0.8738834926660726 0.9588734177478786 1.040463745826412 1.118654476901674 1.1934456109736633 1.2648371480423803 1.3328290881078249 1.3974214311699975 1.458614177228898 1.5164073262845257 1.5708008783368816 1.621794833385965 1.6693891914317767 1.7135839524743155 1.7543791165135825 1.791774683549577 1.825770653582299 1.8739174886361136 2.087140212681348 2.273710096220927 2.4336271392548525 2.5668913417831236 2.67350270380574 2.7534612253227024 2.80676690633401 2.8334197468396636 2.8334197468396627 2.8067669063340075 2.753461225322698 2.6735027038057337 2.5668913417831156 2.4336271392548428 2.2737100962209156 2.087140212681334 1.8739174886360985 1.825770653582297 1.7917746835495745 1.7543791165135798 1.7135839524743126 1.6693891914317733 1.621794833385962 1.570800878336878 1.5164073262845221 1.4586141772288936 1.397421431169993 1.3328290881078206 1.2648371480423757 1.193445610973658 1.1186544769016686 1.0404637458264072 0.9588734177478728 0.873883492666067 0.7854939705809885 0.6937048514926378 0.5985161354010147 0.49992782230611943 0.3979399122079521 0.29255240510651226 0.18376530100180033 0.0715785998938161 0.0 0.0 0.0 0.0 0.0 0.0 0.0 0.0 0.0 0.0 0.0 0.0 0.0 0.0 0.0 0.0 
-0.8080808080807973 -0.8080808080807973 0.0 0.0 0.0 0.0 0.0 0.0 0.0 0.0 0.0 0.0 0.0 0.0 0.0 0.0 0.0 0.0 0.08177739090364011 0.19396409201162412 0.3027511961163365 0.40813870321777546 0.5101266133159428 0.6087149264108378 0.703903642502461 0.7956927615908109 0.8840822836758893 0.9690722087576953 1.0506625368362288 1.1288532679114907 1.20364440198348 1.275035939052197 1.3430278791176415 1.4076202221798142 1.4688129682387148 1.5266061172943424 1.5809996693466983 1.6319936243957818 1.6795879824415934 1.7237827434841322 1.7645779075233992 1.8019734745593936 1.8359694445921158 1.9538760101530759 2.1670987341983103 2.3536686177378896 2.513585660771815 2.646849863300086 2.7534612253227024 2.833419746839665 3.1119273543516246 3.320885623915948 3.3208856239159408 3.1119273543516037 2.8334197468396605 2.753461225322696 2.646849863300078 2.5135856607718052 2.353668617737878 2.1670987341982966 1.9538760101530608 1.8359694445921138 1.8019734745593912 1.7645779075233965 1.7237827434841293 1.67958798244159 1.6319936243957787 1.5809996693466948 1.5266061172943388 1.4688129682387103 1.4076202221798098 1.3430278791176373 1.2750359390521924 1.2036444019834747 1.1288532679114853 1.050662536836224 0.9690722087576895 0.8840822836758837 0.7956927615908052 0.7039036425024545 0.6087149264108314 0.5101266133159361 0.4081387032177688 0.30275119611632895 0.19396409201161702 0.08177739090363279 0.0 0.0 0.0 0.0 0.0 0.0 0.0 0.0 0.0 0.0 0.0 0.0 0.0 0.0 0.0 0.0 
-0.48484848484847404 -0.48484848484847404 0.0 0.0 0.0 0.0 0.0 0.0 0.0 0.0 0.0 0.0 0.0 0.0 0.0 0.0 0.0 0.0 0.0885765849101845 0.2007632860181685 0.3095503901228809 0.41493789722431984 0.5169258073224872 0.6155141204173822 0.7107028365090053 0.8024919555973553 0.8908814776824336 0.9758714027642397 1.0574617308427734 1.135652461918035 1.2104435959900244 1.2818351330587414 1.349827073124186 1.4144194161863588 1.475612162245259 1.533405311300887 1.587798863353243 1.6387928184023264 1.6863871764481377 1.7305819374906766 1.7713771015299433 1.808772668565938 1.8427686385986601 2.0071816911643836 2.220404415209618 2.4069742987491973 2.5668913417831227 2.700155544311394 2.80676690633401 3.1119273543516246 3.529843893480278 3.738802163044601 3.738802163044594 3.529843893480257 3.1119273543515895 2.806766906334004 2.700155544311386 2.566891341783113 2.406974298749186 2.2204044152096043 2.0071816911643685 1.842768638598658 1.8087726685659355 1.7713771015299409 1.730581937490674 1.6863871764481344 1.6387928184023228 1.5877988633532392 1.533405311300883 1.475612162245255 1.4144194161863544 1.3498270731241817 1.2818351330587365 1.2104435959900193 1.1356524619180297 1.057461730842768 0.9758714027642339 0.8908814776824281 0.8024919555973495 0.7107028365089989 0.6155141204173757 0.5169258073224805 0.4149378972243132 0.30955039012287333 0.2007632860181614 0.08857658491017717 0.0 0.0 0.0 0.0 0.0 0.0 0.0 0.0 0.0 0.0 0.0 0.0 0.0 0.0 0.0 0.0 
-0.16161616161615078 -0.16161616161615078 0.0 0.0 0.0 0.0 0.0 0.0 0.0 0.0 0.0 0.0 0.0 0.0 0.0 0.0 0.0 0.0 0.09197618191345658 0.2041628830214406 0.31294998712615296 0.4183374942275919 0.5203254043257592 0.6189137174206543 0.7141024335122774 0.8058915526006274 0.8942810746857057 0.9792709997675118 1.0608613278460455 1.1390520589213071 1.2138431929932965 1.2852347300620135 1.353226670127458 1.4178190131896309 1.479011759248531 1.536804908304159 1.591198460356515 1.6421924154055985 1.6897867734514098 1.7339815344939487 1.7747766985332154 1.81217226556921 1.8461682356019322 2.033834531670037 2.2470572557152715 2.4336271392548507 2.593544182288776 2.7268083848170472 2.8334197468396636 3.320885623915948 3.738802163044601 3.9477604326089244 3.9477604326089173 3.7388021630445802 3.320885623915913 2.8334197468396574 2.7268083848170392 2.5935441822887664 2.433627139254839 2.2470572557152577 2.033834531670022 1.84616823560193 1.8121722655692076 1.774776698533213 1.733981534493946 1.6897867734514065 1.642192415405595 1.5911984603565112 1.536804908304155 1.479011759248527 1.4178190131896264 1.3532266701274538 1.2852347300620086 1.2138431929932914 1.1390520589213018 1.0608613278460401 0.979270999767506 0.8942810746857002 0.8058915526006216 0.714102433512271 0.6189137174206478 0.5203254043257526 0.41833749422758526 0.3129499871261454 0.20416288302143348 0.09197618191344925 0.0 0.0 0.0 0.0 0.0 0.0 0.0 0.0 0.0 0.0 0.0 0.0 0.0 0.0 0.0 0.0 
0.16161616161617248 0.16161616161617248 0.0 0.0 0.0 0.0 0.0 0.0 0.0 0.0 0.0 0.0 0.0 0.0 0.0 0.0 0.0 0.0 0.09197618191345636 0.20416288302144037 0.31294998712615274 0.4183374942275917 0.520325404325759 0.618913717420654 0.7141024335122772 0.8058915526006272 0.8942810746857055 0.9792709997675115 1.060861327846045 1.139052058921307 1.2138431929932962 1.2852347300620133 1.3532266701274578 1.4178190131896304 1.479011759248531 1.5368049083041586 1.5911984603565146 1.642192415405598 1.6897867734514096 1.7339815344939484 1.7747766985332154 1.8121722655692099 1.846168235601932 2.033834531670036 2.2470572557152706 2.43362713925485 2.5935441822887753 2.7268083848170463 2.8334197468396627 3.3208856239159408 3.738802163044594 3.9477604326089173 3.94776043260891 3.738802163044573 3.3208856239159057 2.8334197468396565 2.7268083848170384 2.5935441822887655 2.4336271392548383 2.247057255715257 2.033834531670021 1.84616823560193 1.8121722655692074 1.7747766985332127 1.7339815344939455 1.6897867734514063 1.642192415405595 1.591198460356511 1.536804908304155 1.4790117592485266 1.417819013189626 1.3532266701274536 1.2852347300620086 1.213843192993291 1.1390520589213016 1.0608613278460401 0.9792709997675058 0.8942810746857 0.8058915526006214 0.7141024335122708 0.6189137174206476 0.5203254043257524 0.41833749422758504 0.3129499871261452 0.20416288302143326 0.09197618191344903 0.0 0.0 0.0 0.0 0.0 0.0 0.0 0.0 0.0 0.0 0.0 0.0 0.0 0.0 0.0 0.0 
0.48484848484849574 0.48484848484849574 0.0 0.0 0.0 0.0 0.0 0.0 0.0 0.0 0.0 0.0 0.0 0.0 0.0 0.0 0.0 0.0 0.08857658491018405 0.20076328601816806 0.30955039012288044 0.4149378972243194 0.5169258073224867 0.6155141204173817 0.7107028365090049 0.8024919555973549 0.8908814776824332 0.9758714027642392 1.057461730842773 1.1356524619180346 1.210443595990024 1.281835133058741 1.3498270731241855 1.4144194161863584 1.4756121622452585 1.5334053113008865 1.5877988633532425 1.638792818402326 1.6863871764481373 1.7305819374906761 1.7713771015299429 1.8087726685659375 1.8427686385986597 2.007181691164381 2.2204044152096154 2.4069742987491947 2.56689134178312 2.700155544311391 2.8067669063340075 3.1119273543516037 3.529843893480257 3.7388021630445802 3.738802163044573 3.529843893480236 3.1119273543515686 2.8067669063340013 2.700155544311383 2.5668913417831103 2.406974298749183 2.2204044152096016 2.007181691164366 1.8427686385986575 1.808772668565935 1.7713771015299404 1.7305819374906735 1.686387176448134 1.6387928184023224 1.5877988633532387 1.5334053113008825 1.4756121622452545 1.414419416186354 1.3498270731241813 1.281835133058736 1.2104435959900188 1.1356524619180293 1.0574617308427676 0.9758714027642335 0.8908814776824276 0.8024919555973491 0.7107028365089985 0.6155141204173753 0.5169258073224801 0.41493789722431274 0.3095503901228729 0.20076328601816096 0.08857658491017673 0.0 0.0 0.0 0.0 0.0 0.0 0.0 0.0 0.0 0.0 0.0 0.0 0.0 0.0 0.0 0.0 
0.8080808080808191 0.8080808080808191 0.0 0.0 0.0 0.0 0.0 0.0 0.0 0.0 0.0 0.0 0.0 0.0 0.0 0.0 0.0 0.0 0.08177739090363945 0.19396409201162346 0.30275119611633583 0.4081387032177748 0.5101266133159421 0.6087149264108371 0.7039036425024603 0.7956927615908103 0.8840822836758886 0.9690722087576946 1.0506625368362283 1.12885326791149 1.2036444019834793 1.2750359390521964 1.3430278791176409 1.4076202221798138 1.4688129682387139 1.526606117294342 1.580999669346698 1.6319936243957813 1.6795879824415927 1.7237827434841315 1.7645779075233983 1.801973474559393 1.835969444592115 1.9538760101530712 2.167098734198306 2.353668617737885 2.5135856607718106 2.6468498633000817 2.753461225322698 2.8334197468396605 3.1119273543515895 3.320885623915913 3.3208856239159057 3.1119273543515686 2.833419746839656 2.7534612253226918 2.6468498633000737 2.513585660771801 2.3536686177378736 2.167098734198292 1.9538760101530561 1.8359694445921129 1.8019734745593905 1.7645779075233958 1.7237827434841289 1.6795879824415894 1.6319936243957778 1.5809996693466941 1.526606117294338 1.4688129682387099 1.4076202221798093 1.3430278791176367 1.2750359390521915 1.2036444019834742 1.1288532679114847 1.050662536836223 0.9690722087576888 0.884082283675883 0.7956927615908045 0.7039036425024539 0.6087149264108307 0.5101266133159355 0.40813870321776813 0.3027511961163283 0.19396409201161635 0.08177739090363212 0.0 0.0 0.0 0.0 0.0 0.0 0.0 0.0 0.0 0.0 0.0 0.0 0.0 0.0 0.0 0.0 
1.1313131313131424 1.1313131313131424 0.0 0.0 0.0 0.0 0.0 0.0 0.0 0.0 0.0 0.0 0.0 0.0 0.0 0.0 0.0 0.0 0.07157859989382276 0.18376530100180677 0.29255240510651914 0.3979399122079581 0.4999278223061254 0.5985161354010204 0.6937048514926436 0.7854939705809936 0.8738834926660719 0.9588734177478779 1.0404637458264117 1.1186544769016733 1.1934456109736626 1.2648371480423797 1.3328290881078242 1.397421431169997 1.4586141772288972 1.5164073262845252 1.5708008783368812 1.6217948333859646 1.669389191431776 1.7135839524743148 1.7543791165135816 1.7917746835495763 1.8257706535822984 1.8739174886361072 2.0871402126813416 2.273710096220921 2.4336271392548463 2.5668913417831174 2.6735027038057337 2.753461225322696 2.806766906334004 2.8334197468396574 2.8334197468396565 2.8067669063340013 2.7534612253226918 2.6735027038057275 2.5668913417831094 2.4336271392548365 2.2737100962209094 2.087140212681328 1.873917488636092 1.8257706535822962 1.7917746835495738 1.7543791165135791 1.7135839524743122 1.6693891914317727 1.621794833385961 1.5708008783368774 1.5164073262845212 1.4586141772288932 1.3974214311699926 1.33282908810782 1.2648371480423748 1.1934456109736575 1.118654476901668 1.0404637458264063 0.9588734177478722 0.8738834926660664 0.7854939705809878 0.6937048514926372 0.598516135401014 0.49992782230611876 0.39793991220795144 0.2925524051065116 0.18376530100179966 0.07157859989381543 0.0 0.0 0.0 0.0 0.0 0.0 0.0 0.0 0.0 0.0 0.0 0.0 0.0 0.0 0.0 0.0 
1.4545454545454657 1.4545454545454657 0.0 0.0 0.0 0.0 0.0 0.0 0.0 0.0 0.0 0.0 0.0 0.0 0.0 0.0 0.0 0.0 0.057980211880733545 0.17016691298871756 0.27895401709342993 0.3843415241948689 0.4863294342930362 0.5849177473879312 0.6801064634795544 0.7718955825679044 0.8602851046529827 0.9452750297347887 1.0268653578133224 1.105056088888584 1.1798472229605734 1.2512387600292905 1.319230700094735 1.3838230431569079 1.445015789215808 1.502808938271436 1.557202490323792 1.6081964453728754 1.6557908034186868 1.6999855644612256 1.7407807285004924 1.778176295536487 1.8121722655692092 1.8427686385986592 1.9805288506587233 2.1670987341983023 2.327015777232228 2.4602799797604993 2.5668913417831156 2.646849863300078 2.700155544311386 2.726808384817039 2.726808384817038 2.700155544311383 2.6468498633000737 2.5668913417831094 2.4602799797604913 2.3270157772322184 2.167098734198291 1.9805288506587095 1.8427686385986572 1.812172265569207 1.7781762955364846 1.74078072850049 1.699985564461223 1.6557908034186835 1.6081964453728719 1.5572024903237882 1.502808938271432 1.445015789215804 1.3838230431569034 1.3192307000947308 1.2512387600292856 1.1798472229605683 1.1050560888885788 1.0268653578133171 0.945275029734783 0.8602851046529771 0.7718955825678986 0.680106463479548 0.5849177473879248 0.48632943429302955 0.3843415241948622 0.2789540170934224 0.17016691298871045 0.05798021188072622 0.0 0.0 0.0 0.0 0.0 0.0 0.0 0.0 0.0 0.0 0.0 0.0 0.0 0.0 0.0 0.0 
1.777777777777789 1.777777777777789 0.0 0.0 0.0 0.0 0.0 0.0 0.0 0.0 0.0 0.0 0.0 0.0 0.0 0.0 0.0 0.0 0.04098222686437225 0.15316892797235626 0.26195603207706863 0.3673435391785076 0.4693314492766749 0.5679197623715699 0.6631084784631931 0.7548975975515431 0.8432871196366214 0.9282770447184274 1.0098673727969611 1.0880581038722228 1.1628492379442121 1.2342407750129292 1.3022327150783737 1.3668250581405466 1.4280178041994467 1.4858109532550747 1.5402045053074307 1.5911984603565141 1.6387928184023255 1.6829875794448643 1.723782743484131 1.7611783105201257 1.795174280552848 1.825770653582298 1.8529674296084757 2.03383453167003 2.1937515747039553 2.3270157772322264 2.4336271392548428 2.5135856607718052 2.566891341783113 2.5935441822887664 2.5935441822887655 2.5668913417831103 2.513585660771801 2.4336271392548365 2.3270157772322184 2.1937515747039456 2.0338345316700184 1.8529674296084742 1.825770653582296 1.7951742805528457 1.7611783105201233 1.7237827434841286 1.6829875794448617 1.6387928184023222 1.5911984603565106 1.540204505307427 1.4858109532550707 1.4280178041994427 1.3668250581405421 1.3022327150783695 1.2342407750129243 1.162849237944207 1.0880581038722175 1.0098673727969558 0.9282770447184217 0.8432871196366158 0.7548975975515373 0.6631084784631867 0.5679197623715635 0.46933144927666826 0.36734353917850093 0.2619560320770611 0.15316892797234916 0.04098222686436492 0.0 0.0 0.0 0.0 0.0 0.0 0.0 0.0 0.0 0.0 0.0 0.0 0.0 0.0 0.0 0.0 
2.1010101010101123 2.1010101010101123 0.0 0.0 0.0 0.0 0.0 0.0 0.0 0.0 0.0 0.0 0.0 0.0 0.0 0.0 0.0 0.0 0.020584644844738653 0.13277134595272266 0.24155845005743504 0.346945957158874 0.4489338672570413 0.5475221803519363 0.6427108964435595 0.7345000155319095 0.8228895376169878 0.9078794626987938 0.9894697907773274 1.0676605218525892 1.1424516559245785 1.2138431929932956 1.28183513305874 1.3464274761209127 1.4076202221798133 1.465413371235441 1.5198069232877969 1.5708008783368803 1.618395236382692 1.6625899974252307 1.7033851614644977 1.7407807285004921 1.7747766985332143 1.8053730715626644 1.8325698475888421 1.8739174886361027 2.033834531670028 2.1670987341982992 2.2737100962209156 2.353668617737878 2.406974298749186 2.433627139254839 2.4336271392548383 2.406974298749183 2.3536686177378736 2.2737100962209094 2.1670987341982912 2.0338345316700184 1.8739174886360912 1.8325698475888406 1.8053730715626624 1.7747766985332123 1.7407807285004897 1.703385161464495 1.6625899974252278 1.6183952363826886 1.5708008783368772 1.5198069232877933 1.4654133712354374 1.4076202221798089 1.3464274761209083 1.2818351330587359 1.213843192993291 1.1424516559245732 1.0676605218525839 0.9894697907773223 0.907879462698788 0.8228895376169822 0.7345000155319037 0.6427108964435531 0.5475221803519299 0.44893386725703466 0.34694595715886734 0.2415584500574275 0.13277134595271556 0.020584644844731326 0.0 0.0 0.0 0.0 0.0 0.0 0.0 0.0 0.0 0.0 0.0 0.0 0.0 0.0 0.0 0.0 
2.4242424242424354 2.4242424242424354 0.0 0.0 0.0 0.0 0.0 0.0 0.0 0.0 0.0 0.0 0.0 0.0 0.0 0.0 0.0 0.0 0.0 0.10897416692981698 0.21776127103452936 0.3231487781359683 0.42513668823413564 0.5237250013290307 0.6189137174206538 0.7107028365090038 0.7990923585940821 0.8840822836758881 0.9656726117544218 1.0438633428296835 1.1186544769016729 1.19004601397039 1.2580379540358344 1.3226302970980073 1.3838230431569074 1.4416161922125355 1.4960097442648914 1.5470036993139749 1.5945980573597862 1.638792818402325 1.6795879824415918 1.7169835494775865 1.7509795195103086 1.7815758925397587 1.8087726685659364 1.8325698475888421 1.8529674296084755 1.9805288506587178 2.087140212681334 2.1670987341982966 2.2204044152096043 2.2470572557152577 2.247057255715257 2.2204044152096016 2.167098734198292 2.087140212681328 1.9805288506587098 1.8529674296084742 1.8325698475888406 1.8087726685659349 1.7815758925397567 1.7509795195103064 1.716983549477584 1.6795879824415894 1.6387928184023224 1.5945980573597829 1.5470036993139713 1.4960097442648876 1.4416161922125315 1.3838230431569034 1.3226302970980028 1.2580379540358302 1.190046013970385 1.1186544769016677 1.0438633428296782 0.9656726117544167 0.8840822836758824 0.7990923585940766 0.710702836508998 0.6189137174206474 0.5237250013290242 0.425136688234129 0.32314877813596166 0.2177612710345218 0.10897416692980988 0.0 0.0 0.0 0.0 0.0 0.0 0.0 0.0 0.0 0.0 0.0 0.0 0.0 0.0 0.0 0.0 0.0 
2.7474747474747585 2.7474747474747585 0.0 0.0 0.0 0.0 0.0 0.0 0.0 0.0 0.0 0.0 0.0 0.0 0.0 0.0 0.0 0.0 0.0 0.08177739090363878 0.19056449500835115 0.2959520021097901 0.39793991220795744 0.49652822530285246 0.5917169413944756 0.6835060604828256 0.7718955825679039 0.8568855076497099 0.9384758357282436 1.0166665668035053 1.0914577008754947 1.1628492379442117 1.2308411780096562 1.2954335210718289 1.3566262671307294 1.414419416186357 1.468812968238713 1.5198069232877964 1.567401281333608 1.6115960423761468 1.6523912064154138 1.6897867734514083 1.7237827434841304 1.7543791165135805 1.7815758925397582 1.805373071562664 1.8257706535822973 1.8427686385986584 1.8739174886360983 1.9538760101530608 2.0071816911643685 2.033834531670022 2.033834531670021 2.007181691164366 1.9538760101530563 1.873917488636092 1.8427686385986572 1.825770653582296 1.8053730715626624 1.7815758925397567 1.7543791165135785 1.7237827434841284 1.6897867734514058 1.6523912064154112 1.611596042376144 1.5674012813336047 1.5198069232877933 1.4688129682387094 1.4144194161863535 1.356626267130725 1.2954335210718244 1.230841178009652 1.162849237944207 1.0914577008754893 1.0166665668035 0.9384758357282384 0.8568855076497042 0.7718955825678984 0.6835060604828198 0.5917169413944692 0.496528225302846 0.3979399122079508 0.29595200210978345 0.1905644950083436 0.08177739090363167 0.0 0.0 0.0 0.0 0.0 0.0 0.0 0.0 0.0 0.0 0.0 0.0 0.0 0.0 0.0 0.0 0.0 
3.0707070707070816 3.0707070707070816 0.0 0.0 0.0 0.0 0.0 0.0 0.0 0.0 0.0 0.0 0.0 0.0 0.0 0.0 0.0 0.0 0.0 0.05118101787418872 0.1599681219789011 0.26535562908034005 0.3673435391785074 0.4659318522734024 0.5611205683650256 0.6529096874533755 0.7412992095384539 0.8262891346202599 0.9078794626987935 0.9860701937740552 1.0608613278460446 1.1322528649147616 1.2002448049802061 1.2648371480423788 1.3260298941012794 1.383823043156907 1.438216595209263 1.4892105502583464 1.536804908304158 1.5809996693466968 1.6217948333859638 1.6591904004219582 1.6931863704546803 1.7237827434841304 1.7509795195103082 1.7747766985332138 1.7951742805528472 1.8121722655692083 1.825770653582297 1.8359694445921138 1.8427686385986581 1.8461682356019302 1.84616823560193 1.8427686385986577 1.835969444592113 1.8257706535822964 1.8121722655692072 1.795174280552846 1.7747766985332123 1.7509795195103066 1.7237827434841284 1.6931863704546783 1.6591904004219558 1.621794833385961 1.580999669346694 1.5368049083041546 1.4892105502583433 1.4382165952092594 1.3838230431569034 1.326029894101275 1.2648371480423743 1.200244804980202 1.132252864914757 1.0608613278460393 0.9860701937740499 0.9078794626987884 0.8262891346202541 0.7412992095384483 0.6529096874533697 0.5611205683650191 0.46593185227339595 0.3673435391785007 0.2653556290803334 0.15996812197889354 0.05118101787418161 0.0 0.0 0.0 0.0 0.0 0.0 0.0 0.0 0.0 0.0 0.0 0.0 0.0 0.0 0.0 0.0 0.0 
3.3939393939394047 3.3939393939394047 0.0 0.0 0.0 0.0 0.0 0.0 0.0 0.0 0.0 0.0 0.0 0.0 0.0 0.0 0.0 0.0 0.0 0.017185047841466128 0.1259721519461785 0.23135965904761746 0.3333475691457848 0.4319358822406798 0.527124598332303 0.6189137174206529 0.7073032395057313 0.7922931645875373 0.8738834926660709 0.9520742237413327 1.026865357813322 1.098256894882039 1.1662488349474835 1.2308411780096562 1.2920339240685568 1.3498270731241844 1.4042206251765403 1.4552145802256238 1.5028089382714354 1.5470036993139742 1.5877988633532412 1.6251944303892356 1.6591904004219578 1.6897867734514078 1.7169835494775856 1.7407807285004913 1.7611783105201246 1.7781762955364857 1.7917746835495745 1.8019734745593912 1.8087726685659355 1.8121722655692076 1.8121722655692074 1.808772668565935 1.8019734745593905 1.7917746835495738 1.7781762955364846 1.7611783105201233 1.7407807285004897 1.716983549477584 1.6897867734514058 1.6591904004219558 1.6251944303892332 1.5877988633532385 1.5470036993139713 1.502808938271432 1.4552145802256207 1.4042206251765368 1.3498270731241808 1.2920339240685523 1.2308411780096518 1.1662488349474793 1.0982568948820344 1.0268653578133167 0.9520742237413273 0.8738834926660658 0.7922931645875315 0.7073032395057257 0.6189137174206472 0.5271245983322965 0.43193588224067336 0.3333475691457781 0.2313596590476108 0.12597215194617095 0.017185047841459022 0.0 0.0 0.0 0.0 0.0 0.0 0.0 0.0 0.0 0.0 0.0 0.0 0.0 0.0 0.0 0.0 0.0 
3.717171717171728 3.717171717171728 0.0 0.0 0.0 0.0 0.0 0.0 0.0 0.0 0.0 0.0 0.0 0.0 0.0 0.0 0.0 0.0 0.0 0.0 0.08857658491018383 0.1939640920116228 0.2959520021097901 0.39454031520468513 0.4897290312963083 0.5815181503846583 0.6699076724697366 0.7548975975515426 0.8364879256300762 0.914678656705338 0.9894697907773273 1.0608613278460444 1.1288532679114889 1.1934456109736615 1.254638357032562 1.3124315060881897 1.3668250581405457 1.417819013189629 1.4654133712354407 1.5096081322779795 1.5504032963172465 1.587798863353241 1.621794833385963 1.6523912064154131 1.679587982441591 1.7033851614644966 1.72378274348413 1.740780728500491 1.7543791165135798 1.7645779075233965 1.7713771015299409 1.774776698533213 1.7747766985332127 1.7713771015299404 1.7645779075233958 1.7543791165135791 1.74078072850049 1.7237827434841286 1.703385161464495 1.6795879824415894 1.6523912064154112 1.621794833385961 1.5877988633532385 1.5504032963172438 1.5096081322779766 1.4654133712354374 1.417819013189626 1.3668250581405421 1.3124315060881862 1.2546383570325577 1.193445610973657 1.1288532679114847 1.0608613278460397 0.9894697907773221 0.9146786567053327 0.8364879256300711 0.7548975975515368 0.669907672469731 0.5815181503846525 0.48972903129630185 0.3945403152046787 0.29595200210978345 0.19396409201161613 0.08857658491017628 0.0 0.0 0.0 0.0 0.0 0.0 0.0 0.0 0.0 0.0 0.0 0.0 0.0 0.0 0.0 0.0 0.0 0.0 
4.040404040404051 4.040404040404051 0.0 0.0 0.0 0.0 0.0 0.0 0.0 0.0 0.0 0.0 0.0 0.0 0.0 0.0 0.0 0.0 0.0 0.0 0.047781420870916635 0.1531689279723556 0.2551568380705229 0.35374515116541794 0.4489338672570411 0.5407229863453911 0.6291125084304694 0.7141024335122754 0.795692761590809 0.8738834926660708 0.9486746267380601 1.0200661638067772 1.0880581038722217 1.1526504469343943 1.213843192993295 1.2716363420489225 1.3260298941012785 1.377023849150362 1.4246182071961735 1.4688129682387123 1.5096081322779793 1.5470036993139737 1.580999669346696 1.611596042376146 1.6387928184023237 1.6625899974252294 1.6829875794448628 1.6999855644612238 1.7135839524743126 1.7237827434841293 1.7305819374906737 1.7339815344939458 1.7339815344939455 1.7305819374906732 1.7237827434841286 1.713583952474312 1.6999855644612227 1.6829875794448614 1.6625899974252278 1.6387928184023222 1.611596042376144 1.580999669346694 1.5470036993139713 1.5096081322779766 1.4688129682387094 1.4246182071961702 1.3770238491503588 1.326029894101275 1.271636342048919 1.2138431929932905 1.15265044693439 1.0880581038722175 1.0200661638067725 0.9486746267380549 0.8738834926660655 0.7956927615908039 0.7141024335122697 0.6291125084304638 0.5407229863453853 0.44893386725703466 0.3537451511654115 0.25515683807051626 0.15316892797234893 0.047781420870909086 0.0 0.0 0.0 0.0 0.0 0.0 0.0 0.0 0.0 0.0 0.0 0.0 0.0 0.0 0.0 0.0 0.0 0.0 
4.363636363636375 4.363636363636375 0.0 0.0 0.0 0.0 0.0 0.0 0.0 0.0 0.0 0.0 0.0 0.0 0.0 0.0 0.0 0.0 0.0 0.0 0.0035866598283773587 0.10897416692981632 0.21096207702798364 0.30955039012287866 0.4047391062145018 0.4965282253028518 0.5849177473879301 0.6699076724697361 0.7514980005482698 0.8296887316235315 0.9044798656955209 0.9758714027642379 1.0438633428296824 1.108455685891855 1.1696484319507556 1.2274415810063832 1.2818351330587392 1.3328290881078226 1.3804234461536342 1.424618207196173 1.46541337123544 1.5028089382714345 1.5368049083041566 1.5674012813336067 1.5945980573597844 1.6183952363826901 1.6387928184023235 1.6557908034186846 1.6693891914317733 1.67958798244159 1.6863871764481344 1.6897867734514065 1.6897867734514063 1.686387176448134 1.6795879824415894 1.6693891914317727 1.6557908034186835 1.6387928184023222 1.6183952363826886 1.5945980573597829 1.5674012813336047 1.5368049083041546 1.502808938271432 1.4654133712354374 1.4246182071961702 1.3804234461536309 1.3328290881078195 1.2818351330587356 1.2274415810063797 1.1696484319507512 1.1084556858918506 1.0438633428296782 0.9758714027642331 0.9044798656955156 0.8296887316235262 0.7514980005482647 0.6699076724697304 0.5849177473879246 0.496528225302846 0.4047391062144954 0.3095503901228722 0.21096207702797698 0.10897416692980966 0.0035866598283698092 0.0 0.0 0.0 0.0 0.0 0.0 0.0 0.0 0.0 0.0 0.0 0.0 0.0 0.0 0.0 0.0 0.0 0.0 
4.686868686868698 4.686868686868698 0.0 0.0 0.0 0.0 0.0 0.0 0.0 0.0 0.0 0.0 0.0 0.0 0.0 0.0 0.0 0.0 0.0 0.0 0.0 0.06137980888400496 0.16336771898217228 0.2619560320770673 0.35714474816869046 0.44893386725704043 0.5373233893421188 0.6223133144239248 0.7039036425024584 0.7820943735777202 0.8568855076497095 0.9282770447184265 0.996268984783871 1.0608613278460437 1.1220540739049443 1.1798472229605719 1.2342407750129278 1.2852347300620113 1.3328290881078229 1.3770238491503617 1.4178190131896287 1.4552145802256231 1.4892105502583453 1.5198069232877953 1.547003699313973 1.5708008783368788 1.5911984603565121 1.6081964453728732 1.621794833385962 1.6319936243957787 1.638792818402323 1.6421924154055951 1.642192415405595 1.6387928184023226 1.631993624395778 1.6217948333859613 1.608196445372872 1.5911984603565108 1.5708008783368772 1.5470036993139715 1.5198069232877933 1.4892105502583433 1.4552145802256207 1.417819013189626 1.3770238491503588 1.3328290881078195 1.2852347300620082 1.2342407750129243 1.1798472229605683 1.1220540739049398 1.0608613278460393 0.9962689847838668 0.9282770447184218 0.8568855076497043 0.7820943735777148 0.7039036425024533 0.622313314423919 0.5373233893421132 0.44893386725703466 0.357144748168684 0.26195603207706086 0.16336771898216562 0.0613798088839983 0.0 0.0 0.0 0.0 0.0 0.0 0.0 0.0 0.0 0.0 0.0 0.0 0.0 0.0 0.0 0.0 0.0 0.0 0.0 
5.010101010101022 5.010101010101022 0.0 0.0 0.0 0.0 0.0 0.0 0.0 0.0 0.0 0.0 0.0 0.0 0.0 0.0 0.0 0.0 0.0 0.0 0.0 0.010385853834921077 0.1123737639330884 0.21096207702798342 0.3061507931196066 0.39793991220795655 0.4863294342930349 0.5713193593748409 0.6529096874533745 0.7311004185286363 0.8058915526006256 0.8772830896693427 0.9452750297347872 1.0098673727969598 1.0710601188558604 1.128853267911488 1.183246819963844 1.2342407750129274 1.281835133058739 1.3260298941012778 1.3668250581405448 1.4042206251765392 1.4382165952092614 1.4688129682387114 1.4960097442648892 1.5198069232877949 1.5402045053074283 1.5572024903237893 1.570800878336878 1.5809996693466948 1.5877988633532392 1.5911984603565112 1.591198460356511 1.5877988633532387 1.5809996693466941 1.5708008783368774 1.5572024903237882 1.540204505307427 1.5198069232877933 1.4960097442648876 1.4688129682387094 1.4382165952092594 1.4042206251765368 1.3668250581405421 1.326029894101275 1.2818351330587356 1.2342407750129243 1.1832468199638404 1.1288532679114844 1.071060118855856 1.0098673727969554 0.945275029734783 0.8772830896693379 0.8058915526006204 0.731100418528631 0.6529096874533694 0.5713193593748351 0.48632943429302933 0.3979399122079508 0.30615079311960014 0.21096207702797698 0.11237376393308174 0.010385853834914416 0.0 0.0 0.0 0.0 0.0 0.0 0.0 0.0 0.0 0.0 0.0 0.0 0.0 0.0 0.0 0.0 0.0 0.0 0.0 
5.3333333333333455 5.3333333333333455 0.0 0.0 0.0 0.0 0.0 0.0 0.0 0.0 0.0 0.0 0.0 0.0 0.0 0.0 0.0 0.0 0.0 0.0 0.0 0.0 0.057980211880732435 0.15656852497562745 0.2517572410672506 0.3435463601556006 0.4319358822406789 0.5169258073224849 0.5985161354010186 0.6767068664762803 0.7514980005482697 0.8228895376169867 0.8908814776824312 0.955473820744604 1.0166665668035044 1.074459715859132 1.128853267911488 1.1798472229605714 1.227441581006383 1.2716363420489218 1.3124315060881888 1.3498270731241833 1.3838230431569054 1.4144194161863555 1.4416161922125332 1.465413371235439 1.4858109532550723 1.5028089382714334 1.5164073262845221 1.5266061172943388 1.5334053113008832 1.5368049083041553 1.536804908304155 1.5334053113008828 1.5266061172943381 1.5164073262845215 1.5028089382714322 1.485810953255071 1.4654133712354374 1.4416161922125317 1.4144194161863535 1.3838230431569034 1.3498270731241808 1.3124315060881862 1.271636342048919 1.2274415810063797 1.1798472229605683 1.1288532679114844 1.0744597158591285 1.0166665668035 0.9554738207445995 0.890881477682427 0.8228895376169819 0.7514980005482644 0.676706866476275 0.5985161354010134 0.5169258073224792 0.43193588224067336 0.3435463601555948 0.2517572410672442 0.15656852497562102 0.057980211880725774 0.0 0.0 0.0 0.0 0.0 0.0 0.0 0.0 0.0 0.0 0.0 0.0 0.0 0.0 0.0 0.0 0.0 0.0 0.0 0.0 
5.656565656565669 5.656565656565669 0.0 0.0 0.0 0.0 0.0 0.0 0.0 0.0 0.0 0.0 0.0 0.0 0.0 0.0 0.0 0.0 0.0 0.0 0.0 0.0 1.8706282510394523E-4 0.09877537591999896 0.19396409201162212 0.2857532110999721 0.3741427331850504 0.45913265826685645 0.5407229863453901 0.6189137174206518 0.6937048514926412 0.7650963885613582 0.8330883286268027 0.8976806716889755 0.9588734177478758 1.0166665668035035 1.0710601188558595 1.122054073904943 1.1696484319507545 1.2138431929932934 1.2546383570325603 1.2920339240685548 1.326029894101277 1.356626267130727 1.3838230431569047 1.4076202221798104 1.4280178041994438 1.4450157892158049 1.4586141772288936 1.4688129682387103 1.4756121622452547 1.4790117592485268 1.4790117592485266 1.4756121622452543 1.4688129682387097 1.458614177228893 1.4450157892158038 1.4280178041994425 1.4076202221798089 1.3838230431569032 1.356626267130725 1.326029894101275 1.2920339240685523 1.2546383570325577 1.2138431929932905 1.1696484319507512 1.1220540739049398 1.071060118855856 1.0166665668035 0.9588734177478716 0.897680671688971 0.8330883286267985 0.7650963885613534 0.6937048514926359 0.6189137174206465 0.540722986345385 0.4591326582668507 0.3741427331850449 0.2857532110999663 0.19396409201161569 0.09877537591999253 1.870628250972839E-4 0.0 0.0 0.0 0.0 0.0 0.0 0.0 0.0 0.0 0.0 0.0 0.0 0.0 0.0 0.0 0.0 0.0 0.0 0.0 0.0 
5.9797979797979925 5.9797979797979925 0.0 0.0 0.0 0.0 0.0 0.0 0.0 0.0 0.0 0.0 0.0 0.0 0.0 0.0 0.0 0.0 0.0 0.0 0.0 0.0 0.0 0.03758262986109839 0.13277134595272155 0.22456046504107152 0.31294998712614985 0.3979399122079559 0.4795302402864895 0.5577209713617512 0.6325121054337406 0.7039036425024576 0.7718955825679021 0.8364879256300749 0.8976806716889753 0.9554738207446031 1.009867372796959 1.0608613278460424 1.108455685891854 1.1526504469343928 1.1934456109736598 1.2308411780096542 1.2648371480423763 1.2954335210718264 1.3226302970980042 1.3464274761209098 1.3668250581405432 1.3838230431569043 1.397421431169993 1.4076202221798098 1.4144194161863541 1.4178190131896262 1.417819013189626 1.4144194161863537 1.407620222179809 1.3974214311699924 1.3838230431569032 1.366825058140542 1.3464274761209083 1.3226302970980026 1.2954335210718244 1.2648371480423743 1.2308411780096518 1.193445610973657 1.15265044693439 1.1084556858918506 1.0608613278460393 1.0098673727969554 0.9554738207445993 0.897680671688971 0.8364879256300705 0.7718955825678979 0.7039036425024529 0.6325121054337354 0.5577209713617459 0.4795302402864844 0.3979399122079501 0.3129499871261443 0.22456046504106575 0.13277134595271511 0.037582629861091954 0.0 0.0 0.0 0.0 0.0 0.0 0.0 0.0 0.0 0.0 0.0 0.0 0.0 0.0 0.0 0.0 0.0 0.0 0.0 0.0 0.0 
6.303030303030316 6.303030303030316 0.0 0.0 0.0 0.0 0.0 0.0 0.0 0.0 0.0 0.0 0.0 0.0 0.0 0.0 0.0 0.0 0.0 0.0 0.0 0.0 0.0 0.0 0.06817900289054912 0.1599681219788991 0.24835764406397742 0.33334756914578345 0.41493789722431706 0.4931286282995788 0.5679197623715682 0.6393112994402852 0.7073032395057297 0.7718955825679025 0.8330883286268028 0.8908814776824306 0.9452750297347866 0.99626898478387 1.0438633428296815 1.0880581038722204 1.128853267911487 1.1662488349474818 1.200244804980204 1.230841178009654 1.2580379540358317 1.2818351330587374 1.3022327150783708 1.3192307000947319 1.3328290881078206 1.3430278791176373 1.3498270731241817 1.3532266701274538 1.3532266701274536 1.3498270731241813 1.3430278791176367 1.33282908810782 1.3192307000947308 1.3022327150783695 1.2818351330587359 1.2580379540358302 1.230841178009652 1.2002448049802017 1.1662488349474793 1.1288532679114847 1.0880581038722177 1.0438633428296782 0.9962689847838667 0.945275029734783 0.8908814776824269 0.8330883286267986 0.771895582567898 0.7073032395057255 0.6393112994402804 0.5679197623715629 0.4931286282995735 0.41493789722431196 0.3333475691457777 0.24835764406397187 0.15996812197889332 0.06817900289054268 0.0 0.0 0.0 0.0 0.0 0.0 0.0 0.0 0.0 0.0 0.0 0.0 0.0 0.0 0.0 0.0 0.0 0.0 0.0 0.0 0.0 0.0 
6.62626262626264 6.62626262626264 0.0 0.0 0.0 0.0 0.0 0.0 0.0 0.0 0.0 0.0 0.0 0.0 0.0 0.0 0.0 0.0 0.0 0.0 0.0 0.0 0.0 0.0 1.8706282510416727E-4 0.09197618191345414 0.18036570399853247 0.2653556290803385 0.3469459571588721 0.42513668823413386 0.4999278223061232 0.5713193593748402 0.6393112994402848 0.7039036425024575 0.7650963885613579 0.8228895376169857 0.8772830896693417 0.9282770447184251 0.9758714027642366 1.0200661638067754 1.0608613278460424 1.0982568948820368 1.132252864914759 1.162849237944209 1.1900460139703868 1.2138431929932925 1.2342407750129258 1.251238760029287 1.2648371480423757 1.2750359390521924 1.2818351330587368 1.2852347300620088 1.2852347300620086 1.2818351330587363 1.2750359390521917 1.264837148042375 1.2512387600292858 1.2342407750129245 1.213843192993291 1.1900460139703852 1.162849237944207 1.132252864914757 1.0982568948820344 1.0608613278460397 1.0200661638067725 0.9758714027642332 0.9282770447184218 0.877283089669338 0.8228895376169819 0.7650963885613536 0.7039036425024531 0.6393112994402805 0.5713193593748355 0.499927822306118 0.42513668823412853 0.346945957158867 0.2653556290803327 0.18036570399852692 0.09197618191344836 1.8706282509772798E-4 0.0 0.0 0.0 0.0 0.0 0.0 0.0 0.0 0.0 0.0 0.0 0.0 0.0 0.0 0.0 0.0 0.0 0.0 0.0 0.0 0.0 0.0 
6.949494949494963 6.949494949494963 0.0 0.0 0.0 0.0 0.0 0.0 0.0 0.0 0.0 0.0 0.0 0.0 0.0 0.0 0.0 0.0 0.0 0.0 0.0 0.0 0.0 0.0 0.0 0.020584644844736433 0.10897416692981476 0.1939640920116208 0.2755544200901544 0.35374515116541616 0.4285362852374055 0.49992782230612254 0.567919762371567 0.6325121054337398 0.6937048514926402 0.751498000548268 0.805891552600624 0.8568855076497074 0.9044798656955189 0.9486746267380577 0.9894697907773246 1.0268653578133191 1.0608613278460413 1.0914577008754913 1.118654476901669 1.1424516559245748 1.1628492379442081 1.1798472229605692 1.193445610973658 1.2036444019834747 1.210443595990019 1.2138431929932911 1.213843192993291 1.2104435959900186 1.203644401983474 1.1934456109736573 1.179847222960568 1.1628492379442068 1.1424516559245732 1.1186544769016675 1.0914577008754893 1.0608613278460393 1.0268653578133167 0.989469790777322 0.9486746267380549 0.9044798656955155 0.8568855076497041 0.8058915526006203 0.7514980005482642 0.6937048514926359 0.6325121054337354 0.5679197623715628 0.49992782230611776 0.4285362852374003 0.35374515116541083 0.2755544200901493 0.19396409201161502 0.10897416692980921 0.02058464484473066 0.0 0.0 0.0 0.0 0.0 0.0 0.0 0.0 0.0 0.0 0.0 0.0 0.0 0.0 0.0 0.0 0.0 0.0 0.0 0.0 0.0 0.0 0.0 
7.272727272727287 7.272727272727287 0.0 0.0 0.0 0.0 0.0 0.0 0.0 0.0 0.0 0.0 0.0 0.0 0.0 0.0 0.0 0.0 0.0 0.0 0.0 0.0 0.0 0.0 0.0 0.0 0.034183032857825424 0.11917295793963145 0.20076328601816507 0.2789540170934268 0.35374515116541616 0.4251366882341332 0.4931286282995777 0.5577209713617505 0.6189137174206508 0.6767068664762786 0.7311004185286346 0.782094373577718 0.8296887316235295 0.8738834926660684 0.9146786567053352 0.9520742237413298 0.9860701937740519 1.016666566803502 1.0438633428296797 1.0676605218525854 1.0880581038722188 1.1050560888885799 1.1186544769016686 1.1288532679114853 1.1356524619180297 1.1390520589213018 1.1390520589213016 1.1356524619180293 1.1288532679114847 1.118654476901668 1.1050560888885788 1.0880581038722175 1.0676605218525839 1.0438633428296782 1.0166665668035 0.9860701937740498 0.9520742237413273 0.9146786567053327 0.8738834926660656 0.8296887316235262 0.7820943735777147 0.731100418528631 0.6767068664762749 0.6189137174206466 0.557720971361746 0.4931286282995735 0.4251366882341284 0.35374515116541094 0.2789540170934215 0.20076328601815996 0.11917295793962568 0.03418303285781987 0.0 0.0 0.0 0.0 0.0 0.0 0.0 0.0 0.0 0.0 0.0 0.0 0.0 0.0 0.0 0.0 0.0 0.0 0.0 0.0 0.0 0.0 0.0 0.0 
7.59595959595961 7.59595959595961 0.0 0.0 0.0 0.0 0.0 0.0 0.0 0.0 0.0 0.0 0.0 0.0 0.0 0.0 0.0 0.0 0.0 0.0 0.0 0.0 0.0 0.0 0.0 0.0 0.0 0.04098222686437003 0.12257255494290364 0.2007632860181654 0.27555442009015474 0.3469459571588718 0.4149378972243163 0.47953024028648905 0.5407229863453894 0.5985161354010172 0.6529096874533732 0.7039036425024566 0.7514980005482681 0.7956927615908069 0.8364879256300738 0.8738834926660684 0.9078794626987905 0.9384758357282406 0.9656726117544184 0.989469790777324 1.0098673727969574 1.0268653578133184 1.0404637458264072 1.050662536836224 1.0574617308427683 1.0608613278460404 1.0608613278460401 1.0574617308427678 1.0506625368362232 1.0404637458264065 1.0268653578133173 1.009867372796956 0.9894697907773224 0.9656726117544167 0.9384758357282387 0.9078794626987884 0.8738834926660659 0.8364879256300712 0.7956927615908042 0.7514980005482648 0.7039036425024533 0.6529096874533695 0.5985161354010134 0.5407229863453852 0.4795302402864846 0.41493789722431207 0.346945957158867 0.2755544200901495 0.20076328601816007 0.12257255494289854 0.04098222686436426 0.0 0.0 0.0 0.0 0.0 0.0 0.0 0.0 0.0 0.0 0.0 0.0 0.0 0.0 0.0 0.0 0.0 0.0 0.0 0.0 0.0 0.0 0.0 0.0 0.0 
7.919191919191934 7.919191919191934 0.0 0.0 0.0 0.0 0.0 0.0 0.0 0.0 0.0 0.0 0.0 0.0 0.0 0.0 0.0 0.0 0.0 0.0 0.0 0.0 0.0 0.0 0.0 0.0 0.0 0.0 0.04098222686436925 0.11917295793963101 0.19396409201162035 0.2653556290803374 0.3333475691457819 0.39793991220795466 0.459132658266855 0.5169258073224828 0.5713193593748388 0.6223133144239222 0.6699076724697337 0.7141024335122725 0.7548975975515394 0.792293164587534 0.8262891346202561 0.8568855076497062 0.884082283675884 0.9078794626987896 0.9282770447184229 0.945275029734784 0.9588734177478728 0.9690722087576895 0.9758714027642338 0.979270999767506 0.9792709997675059 0.9758714027642335 0.9690722087576888 0.958873417747872 0.945275029734783 0.9282770447184217 0.907879462698788 0.8840822836758823 0.8568855076497043 0.826289134620254 0.7922931645875315 0.7548975975515368 0.7141024335122698 0.6699076724697304 0.6223133144239189 0.5713193593748351 0.5169258073224791 0.4591326582668508 0.3979399122079502 0.3333475691457777 0.2653556290803326 0.19396409201161513 0.11917295793962568 0.040982226864364146 0.0 0.0 0.0 0.0 0.0 0.0 0.0 0.0 0.0 0.0 0.0 0.0 0.0 0.0 0.0 0.0 0.0 0.0 0.0 0.0 0.0 0.0 0.0 0.0 0.0 0.0 
8.242424242424256 8.242424242424256 0.0 0.0 0.0 0.0 0.0 0.0 0.0 0.0 0.0 0.0 0.0 0.0 0.0 0.0 0.0 0.0 0.0 0.0 0.0 0.0 0.0 0.0 0.0 0.0 0.0 0.0 0.0 0.0341830328578252 0.10897416692981454 0.18036570399853158 0.2483576440639761 0.31294998712614885 0.3741427331850492 0.431935882240677 0.486329434293033 0.5373233893421164 0.5849177473879279 0.6291125084304667 0.6699076724697336 0.7073032395057282 0.7412992095384503 0.7718955825679004 0.7990923585940782 0.8228895376169838 0.8432871196366171 0.8602851046529781 0.873883492666067 0.8840822836758837 0.890881477682428 0.8942810746857002 0.8942810746857001 0.8908814776824276 0.884082283675883 0.8738834926660662 0.8602851046529771 0.8432871196366158 0.8228895376169822 0.7990923585940765 0.7718955825678985 0.7412992095384482 0.7073032395057257 0.669907672469731 0.629112508430464 0.5849177473879246 0.5373233893421131 0.48632943429302933 0.43193588224067325 0.374142733185045 0.3129499871261444 0.24835764406397187 0.1803657039985268 0.10897416692980932 0.03418303285781987 0.0 0.0 0.0 0.0 0.0 0.0 0.0 0.0 0.0 0.0 0.0 0.0 0.0 0.0 0.0 0.0 0.0 0.0 0.0 0.0 0.0 0.0 0.0 0.0 0.0 0.0 0.0 
8.56565656565658 8.56565656565658 0.0 0.0 0.0 0.0 0.0 0.0 0.0 0.0 0.0 0.0 0.0 0.0 0.0 0.0 0.0 0.0 0.0 0.0 0.0 0.0 0.0 0.0 0.0 0.0 0.0 0.0 0.0 0.0 0.02058464484473599 0.09197618191345303 0.15996812197889754 0.2245604650410703 0.28575321109997065 0.3435463601555985 0.39793991220795444 0.4489338672570379 0.4965282253028493 0.5407229863453882 0.581518150384655 0.6189137174206496 0.6529096874533717 0.6835060604828218 0.7107028365089997 0.7345000155319052 0.7548975975515385 0.7718955825678996 0.7854939705809885 0.7956927615908052 0.8024919555973494 0.8058915526006216 0.8058915526006215 0.8024919555973491 0.7956927615908045 0.7854939705809877 0.7718955825678986 0.7548975975515373 0.7345000155319037 0.7107028365089979 0.6835060604828199 0.6529096874533696 0.6189137174206472 0.5815181503846525 0.5407229863453854 0.49652822530284607 0.44893386725703455 0.3979399122079508 0.3435463601555947 0.28575321109996643 0.22456046504106586 0.15996812197889332 0.09197618191344825 0.02058464484473077 0.0 0.0 0.0 0.0 0.0 0.0 0.0 0.0 0.0 0.0 0.0 0.0 0.0 0.0 0.0 0.0 0.0 0.0 0.0 0.0 0.0 0.0 0.0 0.0 0.0 0.0 0.0 0.0 
8.888888888888903 8.888888888888903 0.0 0.0 0.0 0.0 0.0 0.0 0.0 0.0 0.0 0.0 0.0 0.0 0.0 0.0 0.0 0.0 0.0 0.0 0.0 0.0 0.0 0.0 0.0 0.0 0.0 0.0 0.0 0.0 0.0 1.8706282510239092E-4 0.0681790028905469 0.13277134595271967 0.19396409201162002 0.25175724106724784 0.3061507931196038 0.35714474816868724 0.40473910621449866 0.4489338672570376 0.4897290312963044 0.527124598332299 0.5611205683650211 0.5917169413944712 0.618913717420649 0.6427108964435546 0.6631084784631879 0.680106463479549 0.6937048514926378 0.7039036425024545 0.7107028365089988 0.714102433512271 0.7141024335122709 0.7107028365089985 0.7039036425024539 0.693704851492637 0.680106463479548 0.6631084784631867 0.6427108964435531 0.6189137174206473 0.5917169413944693 0.561120568365019 0.5271245983322965 0.4897290312963018 0.44893386725703477 0.40473910621449544 0.3571447481686839 0.30615079311960014 0.25175724106724406 0.1939640920116158 0.13277134595271523 0.06817900289054268 1.8706282509761696E-4 0.0 0.0 0.0 0.0 0.0 0.0 0.0 0.0 0.0 0.0 0.0 0.0 0.0 0.0 0.0 0.0 0.0 0.0 0.0 0.0 0.0 0.0 0.0 0.0 0.0 0.0 0.0 0.0 0.0 
9.212121212121227 9.212121212121227 0.0 0.0 0.0 0.0 0.0 0.0 0.0 0.0 0.0 0.0 0.0 0.0 0.0 0.0 0.0 0.0 0.0 0.0 0.0 0.0 0.0 0.0 0.0 0.0 0.0 0.0 0.0 0.0 0.0 0.0 0.0 0.037582629861096506 0.09877537591999686 0.15656852497562468 0.21096207702798064 0.2619560320770641 0.3095503901228755 0.35374515116541444 0.39454031520468125 0.4319358822406758 0.465931852273398 0.49652822530284807 0.5237250013290259 0.5475221803519315 0.5679197623715647 0.5849177473879258 0.5985161354010147 0.6087149264108314 0.6155141204173756 0.6189137174206478 0.6189137174206477 0.6155141204173753 0.6087149264108307 0.5985161354010139 0.5849177473879248 0.5679197623715635 0.5475221803519299 0.5237250013290241 0.4965282253028461 0.46593185227339584 0.43193588224067336 0.39454031520467864 0.3537451511654116 0.3095503901228723 0.26195603207706075 0.21096207702797698 0.1565685249756209 0.09877537591999264 0.037582629861092065 0.0 0.0 0.0 0.0 0.0 0.0 0.0 0.0 0.0 0.0 0.0 0.0 0.0 0.0 0.0 0.0 0.0 0.0 0.0 0.0 0.0 0.0 0.0 0.0 0.0 0.0 0.0 0.0 0.0 0.0 0.0 
9.53535353535355 9.53535353535355 0.0 0.0 0.0 0.0 0.0 0.0 0.0 0.0 0.0 0.0 0.0 0.0 0.0 0.0 0.0 0.0 0.0 0.0 0.0 0.0 0.0 0.0 0.0 0.0 0.0 0.0 0.0 0.0 0.0 0.0 0.0 0.0 1.8706282510161376E-4 0.05798021188072944 0.1123737639330854 0.16336771898216884 0.21096207702798025 0.2551568380705192 0.295952002109786 0.33334756914578056 0.36734353917850276 0.39793991220795283 0.42513668823413064 0.4489338672570362 0.4693314492766695 0.4863294342930306 0.49992782230611943 0.5101266133159361 0.5169258073224804 0.5203254043257526 0.5203254043257525 0.5169258073224801 0.5101266133159355 0.49992782230611865 0.48632943429302955 0.46933144927666826 0.4489338672570347 0.4251366882341289 0.3979399122079509 0.3673435391785006 0.3333475691457781 0.2959520021097834 0.25515683807051637 0.21096207702797704 0.1633677189821655 0.11237376393308174 0.05798021188072566 1.8706282509739491E-4 0.0 0.0 0.0 0.0 0.0 0.0 0.0 0.0 0.0 0.0 0.0 0.0 0.0 0.0 0.0 0.0 0.0 0.0 0.0 0.0 0.0 0.0 0.0 0.0 0.0 0.0 0.0 0.0 0.0 0.0 0.0 0.0 
9.858585858585874 9.858585858585874 0.0 0.0 0.0 0.0 0.0 0.0 0.0 0.0 0.0 0.0 0.0 0.0 0.0 0.0 0.0 0.0 0.0 0.0 0.0 0.0 0.0 0.0 0.0 0.0 0.0 0.0 0.0 0.0 0.0 0.0 0.0 0.0 0.0 0.0 0.01038585383491808 0.06137980888400152 0.10897416692981293 0.15316892797235188 0.19396409201161868 0.23135965904761321 0.26535562908033544 0.2959520021097855 0.3231487781359633 0.3469459571588689 0.36734353917850215 0.3843415241948633 0.3979399122079521 0.40813870321776874 0.4149378972243131 0.41833749422758526 0.41833749422758515 0.4149378972243128 0.4081387032177682 0.39793991220795133 0.3843415241948622 0.36734353917850093 0.3469459571588674 0.3231487781359616 0.29595200210978356 0.2653556290803333 0.2313596590476108 0.19396409201161607 0.15316892797234904 0.10897416692980971 0.06137980888399819 0.010385853834914416 0.0 0.0 0.0 0.0 0.0 0.0 0.0 0.0 0.0 0.0 0.0 0.0 0.0 0.0 0.0 0.0 0.0 0.0 0.0 0.0 0.0 0.0 0.0 0.0 0.0 0.0 0.0 0.0 0.0 0.0 0.0 0.0 0.0 0.0 
10.181818181818198 10.181818181818198 0.0 0.0 0.0 0.0 0.0 0.0 0.0 0.0 0.0 0.0 0.0 0.0 0.0 0.0 0.0 0.0 0.0 0.0 0.0 0.0 0.0 0.0 0.0 0.0 0.0 0.0 0.0 0.0 0.0 0.0 0.0 0.0 0.0 0.0 0.0 0.0 0.0035866598283730844 0.04778142087091203 0.08857658491017883 0.12597215194617337 0.1599681219788956 0.19056449500834566 0.21776127103452345 0.24155845005742901 0.2619560320770623 0.27895401709342343 0.29255240510651226 0.3027511961163289 0.3095503901228733 0.3129499871261454 0.3129499871261453 0.30955039012287294 0.30275119611632834 0.2925524051065115 0.2789540170934224 0.2619560320770611 0.24155845005742754 0.21776127103452175 0.19056449500834372 0.15996812197889343 0.12597215194617095 0.08857658491017623 0.0477814208709092 0.0035866598283698647 0.0 0.0 0.0 0.0 0.0 0.0 0.0 0.0 0.0 0.0 0.0 0.0 0.0 0.0 0.0 0.0 0.0 0.0 0.0 0.0 0.0 0.0 0.0 0.0 0.0 0.0 0.0 0.0 0.0 0.0 0.0 0.0 0.0 0.0 0.0 0.0 
10.505050505050521 10.505050505050521 0.0 0.0 0.0 0.0 0.0 0.0 0.0 0.0 0.0 0.0 0.0 0.0 0.0 0.0 0.0 0.0 0.0 0.0 0.0 0.0 0.0 0.0 0.0 0.0 0.0 0.0 0.0 0.0 0.0 0.0 0.0 0.0 0.0 0.0 0.0 0.0 0.0 0.0 0.0 0.017185047841461437 0.051181017874183665 0.08177739090363371 0.10897416692981152 0.13277134595271708 0.1531689279723504 0.1701669129887115 0.18376530100180036 0.19396409201161696 0.20076328601816135 0.20416288302143346 0.20416288302143334 0.20076328601816099 0.1939640920116164 0.18376530100179955 0.17016691298871048 0.15316892797234916 0.1327713459527156 0.10897416692980981 0.08177739090363177 0.0511810178741815 0.017185047841459022 0.0 0.0 0.0 0.0 0.0 0.0 0.0 0.0 0.0 0.0 0.0 0.0 0.0 0.0 0.0 0.0 0.0 0.0 0.0 0.0 0.0 0.0 0.0 0.0 0.0 0.0 0.0 0.0 0.0 0.0 0.0 0.0 0.0 0.0 0.0 0.0 0.0 0.0 0.0 
10.828282828282845 10.828282828282845 0.0 0.0 0.0 0.0 0.0 0.0 0.0 0.0 0.0 0.0 0.0 0.0 0.0 0.0 0.0 0.0 0.0 0.0 0.0 0.0 0.0 0.0 0.0 0.0 0.0 0.0 0.0 0.0 0.0 0.0 0.0 0.0 0.0 0.0 0.0 0.0 0.0 0.0 0.0 0.0 0.0 0.0 0.0 0.020584644844732852 0.040982226864366166 0.057980211880727266 0.07157859989381612 0.08177739090363274 0.0885765849101771 0.09197618191344924 0.09197618191344911 0.08857658491017677 0.08177739090363216 0.07157859989381532 0.05798021188072624 0.04098222686436491 0.020584644844731367 0.0 0.0 0.0 0.0 0.0 0.0 0.0 0.0 0.0 0.0 0.0 0.0 0.0 0.0 0.0 0.0 0.0 0.0 0.0 0.0 0.0 0.0 0.0 0.0 0.0 0.0 0.0 0.0 0.0 0.0 0.0 0.0 0.0 0.0 0.0 0.0 0.0 0.0 0.0 0.0 0.0 0.0 0.0 
11.151515151515168 11.151515151515168 0.0 0.0 0.0 0.0 0.0 0.0 0.0 0.0 0.0 0.0 0.0 0.0 0.0 0.0 0.0 0.0 0.0 0.0 0.0 0.0 0.0 0.0 0.0 0.0 0.0 0.0 0.0 0.0 0.0 0.0 0.0 0.0 0.0 0.0 0.0 0.0 0.0 0.0 0.0 0.0 0.0 0.0 0.0 0.0 0.0 0.0 0.0 0.0 0.0 0.0 0.0 0.0 0.0 0.0 0.0 0.0 0.0 0.0 0.0 0.0 0.0 0.0 0.0 0.0 0.0 0.0 0.0 0.0 0.0 0.0 0.0 0.0 0.0 0.0 0.0 0.0 0.0 0.0 0.0 0.0 0.0 0.0 0.0 0.0 0.0 0.0 0.0 0.0 0.0 0.0 0.0 0.0 0.0 0.0 0.0 0.0 0.0 0.0 0.0 0.0 
11.474747474747492 11.474747474747492 0.0 0.0 0.0 0.0 0.0 0.0 0.0 0.0 0.0 0.0 0.0 0.0 0.0 0.0 0.0 0.0 0.0 0.0 0.0 0.0 0.0 0.0 0.0 0.0 0.0 0.0 0.0 0.0 0.0 0.0 0.0 0.0 0.0 0.0 0.0 0.0 0.0 0.0 0.0 0.0 0.0 0.0 0.0 0.0 0.0 0.0 0.0 0.0 0.0 0.0 0.0 0.0 0.0 0.0 0.0 0.0 0.0 0.0 0.0 0.0 0.0 0.0 0.0 0.0 0.0 0.0 0.0 0.0 0.0 0.0 0.0 0.0 0.0 0.0 0.0 0.0 0.0 0.0 0.0 0.0 0.0 0.0 0.0 0.0 0.0 0.0 0.0 0.0 0.0 0.0 0.0 0.0 0.0 0.0 0.0 0.0 0.0 0.0 0.0 0.0 
11.797979797979815 11.797979797979815 0.0 0.0 0.0 0.0 0.0 0.0 0.0 0.0 0.0 0.0 0.0 0.0 0.0 0.0 0.0 0.0 0.0 0.0 0.0 0.0 0.0 0.0 0.0 0.0 0.0 0.0 0.0 0.0 0.0 0.0 0.0 0.0 0.0 0.0 0.0 0.0 0.0 0.0 0.0 0.0 0.0 0.0 0.0 0.0 0.0 0.0 0.0 0.0 0.0 0.0 0.0 0.0 0.0 0.0 0.0 0.0 0.0 0.0 0.0 0.0 0.0 0.0 0.0 0.0 0.0 0.0 0.0 0.0 0.0 0.0 0.0 0.0 0.0 0.0 0.0 0.0 0.0 0.0 0.0 0.0 0.0 0.0 0.0 0.0 0.0 0.0 0.0 0.0 0.0 0.0 0.0 0.0 0.0 0.0 0.0 0.0 0.0 0.0 0.0 0.0 
12.121212121212139 12.121212121212139 0.0 0.0 0.0 0.0 0.0 0.0 0.0 0.0 0.0 0.0 0.0 0.0 0.0 0.0 0.0 0.0 0.0 0.0 0.0 0.0 0.0 0.0 0.0 0.0 0.0 0.0 0.0 0.0 0.0 0.0 0.0 0.0 0.0 0.0 0.0 0.0 0.0 0.0 0.0 0.0 0.0 0.0 0.0 0.0 0.0 0.0 0.0 0.0 0.0 0.0 0.0 0.0 0.0 0.0 0.0 0.0 0.0 0.0 0.0 0.0 0.0 0.0 0.0 0.0 0.0 0.0 0.0 0.0 0.0 0.0 0.0 0.0 0.0 0.0 0.0 0.0 0.0 0.0 0.0 0.0 0.0 0.0 0.0 0.0 0.0 0.0 0.0 0.0 0.0 0.0 0.0 0.0 0.0 0.0 0.0 0.0 0.0 0.0 0.0 0.0 
12.444444444444462 12.444444444444462 0.0 0.0 0.0 0.0 0.0 0.0 0.0 0.0 0.0 0.0 0.0 0.0 0.0 0.0 0.0 0.0 0.0 0.0 0.0 0.0 0.0 0.0 0.0 0.0 0.0 0.0 0.0 0.0 0.0 0.0 0.0 0.0 0.0 0.0 0.0 0.0 0.0 0.0 0.0 0.0 0.0 0.0 0.0 0.0 0.0 0.0 0.0 0.0 0.0 0.0 0.0 0.0 0.0 0.0 0.0 0.0 0.0 0.0 0.0 0.0 0.0 0.0 0.0 0.0 0.0 0.0 0.0 0.0 0.0 0.0 0.0 0.0 0.0 0.0 0.0 0.0 0.0 0.0 0.0 0.0 0.0 0.0 0.0 0.0 0.0 0.0 0.0 0.0 0.0 0.0 0.0 0.0 0.0 0.0 0.0 0.0 0.0 0.0 0.0 0.0 
12.767676767676786 12.767676767676786 0.0 0.0 0.0 0.0 0.0 0.0 0.0 0.0 0.0 0.0 0.0 0.0 0.0 0.0 0.0 0.0 0.0 0.0 0.0 0.0 0.0 0.0 0.0 0.0 0.0 0.0 0.0 0.0 0.0 0.0 0.0 0.0 0.0 0.0 0.0 0.0 0.0 0.0 0.0 0.0 0.0 0.0 0.0 0.0 0.0 0.0 0.0 0.0 0.0 0.0 0.0 0.0 0.0 0.0 0.0 0.0 0.0 0.0 0.0 0.0 0.0 0.0 0.0 0.0 0.0 0.0 0.0 0.0 0.0 0.0 0.0 0.0 0.0 0.0 0.0 0.0 0.0 0.0 0.0 0.0 0.0 0.0 0.0 0.0 0.0 0.0 0.0 0.0 0.0 0.0 0.0 0.0 0.0 0.0 0.0 0.0 0.0 0.0 0.0 0.0 
13.09090909090911 13.09090909090911 0.0 0.0 0.0 0.0 0.0 0.0 0.0 0.0 0.0 0.0 0.0 0.0 0.0 0.0 0.0 0.0 0.0 0.0 0.0 0.0 0.0 0.0 0.0 0.0 0.0 0.0 0.0 0.0 0.0 0.0 0.0 0.0 0.0 0.0 0.0 0.0 0.0 0.0 0.0 0.0 0.0 0.0 0.0 0.0 0.0 0.0 0.0 0.0 0.0 0.0 0.0 0.0 0.0 0.0 0.0 0.0 0.0 0.0 0.0 0.0 0.0 0.0 0.0 0.0 0.0 0.0 0.0 0.0 0.0 0.0 0.0 0.0 0.0 0.0 0.0 0.0 0.0 0.0 0.0 0.0 0.0 0.0 0.0 0.0 0.0 0.0 0.0 0.0 0.0 0.0 0.0 0.0 0.0 0.0 0.0 0.0 0.0 0.0 0.0 0.0 
13.414141414141433 13.414141414141433 0.0 0.0 0.0 0.0 0.0 0.0 0.0 0.0 0.0 0.0 0.0 0.0 0.0 0.0 0.0 0.0 0.0 0.0 0.0 0.0 0.0 0.0 0.0 0.0 0.0 0.0 0.0 0.0 0.0 0.0 0.0 0.0 0.0 0.0 0.0 0.0 0.0 0.0 0.0 0.0 0.0 0.0 0.0 0.0 0.0 0.0 0.0 0.0 0.0 0.0 0.0 0.0 0.0 0.0 0.0 0.0 0.0 0.0 0.0 0.0 0.0 0.0 0.0 0.0 0.0 0.0 0.0 0.0 0.0 0.0 0.0 0.0 0.0 0.0 0.0 0.0 0.0 0.0 0.0 0.0 0.0 0.0 0.0 0.0 0.0 0.0 0.0 0.0 0.0 0.0 0.0 0.0 0.0 0.0 0.0 0.0 0.0 0.0 0.0 0.0 
13.737373737373757 13.737373737373757 0.0 0.0 0.0 0.0 0.0 0.0 0.0 0.0 0.0 0.0 0.0 0.0 0.0 0.0 0.0 0.0 0.0 0.0 0.0 0.0 0.0 0.0 0.0 0.0 0.0 0.0 0.0 0.0 0.0 0.0 0.0 0.0 0.0 0.0 0.0 0.0 0.0 0.0 0.0 0.0 0.0 0.0 0.0 0.0 0.0 0.0 0.0 0.0 0.0 0.0 0.0 0.0 0.0 0.0 0.0 0.0 0.0 0.0 0.0 0.0 0.0 0.0 0.0 0.0 0.0 0.0 0.0 0.0 0.0 0.0 0.0 0.0 0.0 0.0 0.0 0.0 0.0 0.0 0.0 0.0 0.0 0.0 0.0 0.0 0.0 0.0 0.0 0.0 0.0 0.0 0.0 0.0 0.0 0.0 0.0 0.0 0.0 0.0 0.0 0.0 
14.06060606060608 14.06060606060608 0.0 0.0 0.0 0.0 0.0 0.0 0.0 0.0 0.0 0.0 0.0 0.0 0.0 0.0 0.0 0.0 0.0 0.0 0.0 0.0 0.0 0.0 0.0 0.0 0.0 0.0 0.0 0.0 0.0 0.0 0.0 0.0 0.0 0.0 0.0 0.0 0.0 0.0 0.0 0.0 0.0 0.0 0.0 0.0 0.0 0.0 0.0 0.0 0.0 0.0 0.0 0.0 0.0 0.0 0.0 0.0 0.0 0.0 0.0 0.0 0.0 0.0 0.0 0.0 0.0 0.0 0.0 0.0 0.0 0.0 0.0 0.0 0.0 0.0 0.0 0.0 0.0 0.0 0.0 0.0 0.0 0.0 0.0 0.0 0.0 0.0 0.0 0.0 0.0 0.0 0.0 0.0 0.0 0.0 0.0 0.0 0.0 0.0 0.0 0.0 
14.383838383838404 14.383838383838404 0.0 0.0 0.0 0.0 0.0 0.0 0.0 0.0 0.0 0.0 0.0 0.0 0.0 0.0 0.0 0.0 0.0 0.0 0.0 0.0 0.0 0.0 0.0 0.0 0.0 0.0 0.0 0.0 0.0 0.0 0.0 0.0 0.0 0.0 0.0 0.0 0.0 0.0 0.0 0.0 0.0 0.0 0.0 0.0 0.0 0.0 0.0 0.0 0.0 0.0 0.0 0.0 0.0 0.0 0.0 0.0 0.0 0.0 0.0 0.0 0.0 0.0 0.0 0.0 0.0 0.0 0.0 0.0 0.0 0.0 0.0 0.0 0.0 0.0 0.0 0.0 0.0 0.0 0.0 0.0 0.0 0.0 0.0 0.0 0.0 0.0 0.0 0.0 0.0 0.0 0.0 0.0 0.0 0.0 0.0 0.0 0.0 0.0 0.0 0.0 
14.707070707070727 14.707070707070727 0.0 0.0 0.0 0.0 0.0 0.0 0.0 0.0 0.0 0.0 0.0 0.0 0.0 0.0 0.0 0.0 0.0 0.0 0.0 0.0 0.0 0.0 0.0 0.0 0.0 0.0 0.0 0.0 0.0 0.0 0.0 0.0 0.0 0.0 0.0 0.0 0.0 0.0 0.0 0.0 0.0 0.0 0.0 0.0 0.0 0.0 0.0 0.0 0.0 0.0 0.0 0.0 0.0 0.0 0.0 0.0 0.0 0.0 0.0 0.0 0.0 0.0 0.0 0.0 0.0 0.0 0.0 0.0 0.0 0.0 0.0 0.0 0.0 0.0 0.0 0.0 0.0 0.0 0.0 0.0 0.0 0.0 0.0 0.0 0.0 0.0 0.0 0.0 0.0 0.0 0.0 0.0 0.0 0.0 0.0 0.0 0.0 0.0 0.0 0.0 
15.03030303030305 15.03030303030305 0.0 0.0 0.0 0.0 0.0 0.0 0.0 0.0 0.0 0.0 0.0 0.0 0.0 0.0 0.0 0.0 0.0 0.0 0.0 0.0 0.0 0.0 0.0 0.0 0.0 0.0 0.0 0.0 0.0 0.0 0.0 0.0 0.0 0.0 0.0 0.0 0.0 0.0 0.0 0.0 0.0 0.0 0.0 0.0 0.0 0.0 0.0 0.0 0.0 0.0 0.0 0.0 0.0 0.0 0.0 0.0 0.0 0.0 0.0 0.0 0.0 0.0 0.0 0.0 0.0 0.0 0.0 0.0 0.0 0.0 0.0 0.0 0.0 0.0 0.0 0.0 0.0 0.0 0.0 0.0 0.0 0.0 0.0 0.0 0.0 0.0 0.0 0.0 0.0 0.0 0.0 0.0 0.0 0.0 0.0 0.0 0.0 0.0 0.0 0.0 
15.353535353535374 15.353535353535374 0.0 0.0 0.0 0.0 0.0 0.0 0.0 0.0 0.0 0.0 0.0 0.0 0.0 0.0 0.0 0.0 0.0 0.0 0.0 0.0 0.0 0.0 0.0 0.0 0.0 0.0 0.0 0.0 0.0 0.0 0.0 0.0 0.0 0.0 0.0 0.0 0.0 0.0 0.0 0.0 0.0 0.0 0.0 0.0 0.0 0.0 0.0 0.0 0.0 0.0 0.0 0.0 0.0 0.0 0.0 0.0 0.0 0.0 0.0 0.0 0.0 0.0 0.0 0.0 0.0 0.0 0.0 0.0 0.0 0.0 0.0 0.0 0.0 0.0 0.0 0.0 0.0 0.0 0.0 0.0 0.0 0.0 0.0 0.0 0.0 0.0 0.0 0.0 0.0 0.0 0.0 0.0 0.0 0.0 0.0 0.0 0.0 0.0 0.0 0.0 
15.676767676767698 15.676767676767698 0.0 0.0 0.0 0.0 0.0 0.0 0.0 0.0 0.0 0.0 0.0 0.0 0.0 0.0 0.0 0.0 0.0 0.0 0.0 0.0 0.0 0.0 0.0 0.0 0.0 0.0 0.0 0.0 0.0 0.0 0.0 0.0 0.0 0.0 0.0 0.0 0.0 0.0 0.0 0.0 0.0 0.0 0.0 0.0 0.0 0.0 0.0 0.0 0.0 0.0 0.0 0.0 0.0 0.0 0.0 0.0 0.0 0.0 0.0 0.0 0.0 0.0 0.0 0.0 0.0 0.0 0.0 0.0 0.0 0.0 0.0 0.0 0.0 0.0 0.0 0.0 0.0 0.0 0.0 0.0 0.0 0.0 0.0 0.0 0.0 0.0 0.0 0.0 0.0 0.0 0.0 0.0 0.0 0.0 0.0 0.0 0.0 0.0 0.0 0.0 
16.00000000000002 16.00000000000002 0.0 0.0 0.0 0.0 0.0 0.0 0.0 0.0 0.0 0.0 0.0 0.0 0.0 0.0 0.0 0.0 0.0 0.0 0.0 0.0 0.0 0.0 0.0 0.0 0.0 0.0 0.0 0.0 0.0 0.0 0.0 0.0 0.0 0.0 0.0 0.0 0.0 0.0 0.0 0.0 0.0 0.0 0.0 0.0 0.0 0.0 0.0 0.0 0.0 0.0 0.0 0.0 0.0 0.0 0.0 0.0 0.0 0.0 0.0 0.0 0.0 0.0 0.0 0.0 0.0 0.0 0.0 0.0 0.0 0.0 0.0 0.0 0.0 0.0 0.0 0.0 0.0 0.0 0.0 0.0 0.0 0.0 0.0 0.0 0.0 0.0 0.0 0.0 0.0 0.0 0.0 0.0 0.0 0.0 0.0 0.0 0.0 0.0 0.0 0.0 
