-10.0	0.0
-9.9	0.0
-9.8	0.0
-9.700000000000001	0.0
-9.600000000000001	0.0
-9.500000000000002	0.0
-9.400000000000002	0.0
-9.300000000000002	0.0
-9.200000000000003	0.0
-9.100000000000003	0.0
-9.000000000000004	0.0
-8.900000000000004	0.0
-8.800000000000004	0.0
-8.700000000000005	0.0
-8.600000000000005	0.0
-8.500000000000005	0.0
-8.400000000000006	0.0
-8.300000000000006	0.0
-8.200000000000006	0.0
-8.100000000000007	0.0
-8.000000000000007	0.0
-7.9000000000000075	0.0
-7.800000000000008	0.0
-7.700000000000008	0.0
-7.6000000000000085	0.0
-7.500000000000009	0.0
-7.400000000000009	0.0
-7.30000000000001	0.0
-7.20000000000001	0.0
-7.10000000000001	0.0
-7.000000000000011	0.0
-6.900000000000011	0.0
-6.800000000000011	0.0
-6.700000000000012	0.0
-6.600000000000012	0.0
-6.500000000000012	0.0
-6.400000000000013	0.0
-6.300000000000013	0.0
-6.2000000000000135	0.0
-6.100000000000014	0.0
-6.000000000000014	0.0
-5.900000000000015	0.0
-5.800000000000015	0.0
-5.700000000000015	0.0
-5.600000000000016	0.0
-5.500000000000016	0.0
-5.400000000000016	0.0
-5.300000000000017	0.0
-5.200000000000017	0.0
-5.100000000000017	0.0
-5.000000000000018	0.0
-4.900000000000018	0.0
-4.8000000000000185	0.0
-4.700000000000019	0.0
-4.600000000000019	0.0
-4.5000000000000195	0.0
-4.40000000000002	0.0
-4.30000000000002	0.0
-4.200000000000021	0.0
-4.100000000000021	0.0
-4.000000000000021	0.0
-3.9000000000000212	0.0
-3.800000000000021	0.0
-3.700000000000021	0.0
-3.600000000000021	0.0
-3.500000000000021	0.0
-3.400000000000021	0.0
-3.3000000000000207	0.0
-3.2000000000000206	0.0
-3.1000000000000205	0.0
-3.0000000000000204	0.0
-2.9000000000000203	0.0
-2.8000000000000203	0.0
-2.70000000000002	0.0
-2.60000000000002	0.0
-2.50000000000002	0.0
-2.40000000000002	0.0
-2.30000000000002	0.0
-2.2000000000000197	0.0
-2.1000000000000196	0.0
-2.0000000000000195	0.0
-1.9000000000000195	0.0
-1.8000000000000194	0.0
-1.7000000000000193	0.0
-1.6000000000000192	0.0
-1.500000000000019	0.0
-1.400000000000019	0.0
-1.300000000000019	0.0
-1.2000000000000188	0.0
-1.1000000000000187	0.0
-1.0000000000000187	0.0
-0.9000000000000187	0.0
-0.8000000000000187	0.0
-0.7000000000000187	0.0
-0.6000000000000187	0.0
-0.5000000000000188	0.0
-0.4000000000000188	0.0
-0.3000000000000188	0.0
-0.2000000000000188	0.0
-0.1000000000000188	0.0
-1.8790524691780774E-14	0.0
0.09999999999998122	1.8336269581301561E-4
0.19999999999998122	1.8336269581301561E-4
0.2999999999999812	1.8336269581301561E-4
0.39999999999998126	1.8336269581301561E-4
0.49999999999998124	1.8336269581301561E-4
0.5999999999999812	9.165200987516411E-4
0.6999999999999812	0.0016197527097337244
0.7999999999999812	0.002293060528759123
0.8999999999999811	0.0029364435558278373
0.9999999999999811	0.003549901790939867
1.0999999999999812	0.004133435234095215
1.1999999999999813	0.004687043885293878
1.2999999999999814	0.005210727744535857
1.3999999999999815	0.00570448681182115
1.4999999999999816	0.0061683210871497605
1.5999999999999817	0.006602230570521687
1.6999999999999817	0.007006215261936928
1.7999999999999818	0.007380275161395488
1.899999999999982	0.00772441026889736
1.999999999999982	0.008038620584442546
2.099999999999982	0.008322906108031054
2.199999999999982	0.008577266839662874
2.299999999999982	0.008801702779338012
2.399999999999982	0.008996213927056462
2.4999999999999822	0.00916080028281823
2.5999999999999823	0.04646243649415638
2.6999999999999824	0.08303759451612702
2.7999999999999825	0.118490692538888
2.8999999999999826	0.15245545110889402
2.9999999999999827	0.18459489312887634
3.0999999999999828	0.2146013438578489
3.199999999999983	0.24219643091112353
3.299999999999983	0.2671310842602761
3.399999999999983	0.28918553623318566
3.499999999999983	0.30816932151400245
3.599999999999983	0.3239212771431639
3.6999999999999833	0.33630954251739276
3.7999999999999834	0.3452315593896955
3.8999999999999835	0.35061407186936044
3.9999999999999836	0.352413126421963
4.099999999999984	0.3506140718693622
4.199999999999983	0.34523155938969907
4.299999999999983	0.33630954251740164
4.399999999999983	0.32392127714317454
4.499999999999982	0.30816932151401133
4.599999999999982	0.28918553623319454
4.6999999999999815	0.2671310842602921
4.799999999999981	0.24219643091113596
4.899999999999981	0.21460134385786134
4.9999999999999805	0.18459489312888522
5.09999999999998	0.1524554511089029
5.19999999999998	0.11849069253890576
5.299999999999979	0.08303759451614212
5.399999999999979	0.04646243649417059
5.499999999999979	0.00916080028282451
5.599999999999978	0.04496667569299184
5.699999999999978	0.07775072167155272
5.799999999999978	0.10726386819008127
5.899999999999977	0.1332863475764281
5.999999999999977	0.1556276945148216
6.0999999999999766	0.17412674604560863
6.199999999999976	0.18865164156551728
6.299999999999976	0.19909982282762329
6.3999999999999755	0.20539803394116518
6.499999999999975	0.2075023213717202
6.599999999999975	0.20539803394115097
6.699999999999974	0.19909982282762684
6.799999999999974	0.18865164156550307
6.899999999999974	0.17412674604557665
6.999999999999973	0.15562769451481628
7.099999999999973	0.13328634757646896
7.199999999999973	0.10726386819009548
7.299999999999972	0.07775072167157049
7.399999999999972	0.04496667569299717
7.499999999999972	0.009160800282820958
7.599999999999971	0.009295461846623304
7.699999999999971	0.009400198618471689
7.7999999999999705	0.00947501059836342
7.89999999999997	0.009519897786298442
7.99999999999997	0.009534860182276811
8.09999999999997	0.00951989778629847
8.199999999999969	0.009475010598363448
8.299999999999969	0.009400198618471745
8.399999999999968	0.00929546184662336
8.499999999999968	0.009160800282818293
8.599999999999968	0.008996213927056518
8.699999999999967	0.008801702779338116
8.799999999999967	0.008577266839662978
8.899999999999967	0.008322906108031186
8.999999999999966	0.008038620584442685
9.099999999999966	0.00772441026889753
9.199999999999966	0.007380275161395666
9.299999999999965	0.007006215261937121
9.399999999999965	0.006602230570521894
9.499999999999964	0.006168321087149986
9.599999999999964	0.0057044868118213965
9.699999999999964	0.0052107277445361255
9.799999999999963	0.004687043885294145
9.899999999999963	0.004133435234095512
9.999999999999963	0.0035499017909401964
10.099999999999962	0.0
10.199999999999962	0.0
10.299999999999962	0.0
10.399999999999961	0.0
10.499999999999961	0.0
10.59999999999996	0.0
10.69999999999996	0.0
10.79999999999996	0.0
10.89999999999996	0.0
10.99999999999996	0.0
11.099999999999959	0.0
11.199999999999958	0.0
11.299999999999958	0.0
11.399999999999958	0.0
11.499999999999957	0.0
11.599999999999957	0.0
11.699999999999957	0.0
11.799999999999956	0.0
11.899999999999956	0.0
11.999999999999956	0.0
12.099999999999955	0.0
12.199999999999955	0.0
12.299999999999955	0.0
12.399999999999954	0.0
12.499999999999954	0.0
12.599999999999953	0.0
12.699999999999953	0.0
12.799999999999953	0.0
12.899999999999952	0.0
12.999999999999952	0.0
13.099999999999952	0.0
13.199999999999951	0.0
13.299999999999951	0.0
13.39999999999995	0.0
13.49999999999995	0.0
13.59999999999995	0.0
13.69999999999995	0.0
13.79999999999995	0.0
13.899999999999949	0.0
13.999999999999948	0.0
14.099999999999948	0.0
14.199999999999948	0.0
14.299999999999947	0.0
14.399999999999947	0.0
14.499999999999947	0.0
14.599999999999946	0.0
14.699999999999946	0.0
14.799999999999946	0.0
14.899999999999945	0.0
14.999999999999945	0.0
15.099999999999945	0.0
15.199999999999944	0.0
15.299999999999944	0.0
15.399999999999944	0.0
15.499999999999943	0.0
15.599999999999943	0.0
15.699999999999942	0.0
15.799999999999942	0.0
15.899999999999942	0.0
15.999999999999941	0.0
16.09999999999994	0.0
16.199999999999942	0.0
16.299999999999944	0.0
16.399999999999945	0.0
16.499999999999947	0.0
16.599999999999948	0.0
16.69999999999995	0.0
16.79999999999995	0.0
16.899999999999952	0.0
16.999999999999954	0.0
17.099999999999955	0.0
17.199999999999957	0.0
17.299999999999958	0.0
17.39999999999996	0.0
17.49999999999996	0.0
17.599999999999962	0.0
17.699999999999964	0.0
17.799999999999965	0.0
17.899999999999967	0.0
17.999999999999968	0.0
18.09999999999997	0.0
18.19999999999997	0.0
18.299999999999972	0.0
18.399999999999974	0.0
18.499999999999975	0.0
18.599999999999977	0.0
18.699999999999978	0.0
18.79999999999998	0.0
18.89999999999998	0.0
18.999999999999982	0.0
19.099999999999984	0.0
19.199999999999985	0.0
19.299999999999986	0.0
19.399999999999988	0.0
19.49999999999999	0.0
19.59999999999999	0.0
19.699999999999992	0.0
19.799999999999994	0.0
19.899999999999995	0.0
19.999999999999996	0.0
