-10.0 -10.0 0.0 0.0 0.0 0.0 0.0 0.0 0.0 0.0 0.0 0.0 0.0 0.0 0.0 0.0 0.0 0.0 0.0 0.0 0.0 0.0 0.0 0.0 0.0 0.0 0.0 0.0 0.0 0.0 0.0 0.0 0.0 0.0 0.0 0.0 0.0 0.0 0.0 0.0 0.0 0.0 0.0 0.0 0.0 0.0 0.0 0.0 0.0 0.0 0.0 0.0 0.0 0.0 0.0 0.0 0.0 0.0 0.0 0.0 0.0 0.0 0.0 0.0 0.0 0.0 0.0 0.0 0.0 0.0 0.0 0.0 0.0 0.0 0.0 0.0 0.0 0.0 0.0 0.0 0.0 0.0 0.0 0.0 0.0 0.0 0.0 0.0 0.0 0.0 0.0 0.0 0.0 0.0 0.0 0.0 0.0 0.0 0.0 0.0 0.0 0.0 
-9.797979797979798 -9.797979797979798 0.0 0.0 0.0 0.0 0.0 0.0 0.0 0.0 0.0 0.0 0.0 0.0 0.0 0.0 0.0 0.0 0.0 0.0 0.0 0.0 0.0 0.0 0.0 0.0 0.0 0.0 0.0 0.0 0.0 0.0 0.0 0.0 0.0 0.0 0.0 0.0 0.0 0.0 0.0 0.0 0.0 0.0 0.0 0.0 0.0 0.0 0.0 0.0 0.0 0.0 0.0 0.0 0.0 0.0 0.0 0.0 0.0 0.0 0.0 0.0 0.0 0.0 0.0 0.0 0.0 0.0 0.0 0.0 0.0 0.0 0.0 0.0 0.0 0.0 0.0 0.0 0.0 0.0 0.0 0.0 0.0 0.0 0.0 0.0 0.0 0.0 0.0 0.0 0.0 0.0 0.0 0.0 0.0 0.0 0.0 0.0 0.0 0.0 0.0 0.0 
-9.595959595959595 -9.595959595959595 0.0 0.0 0.0 0.0 0.0 0.0 0.0 0.0 0.0 0.0 0.0 0.0 0.0 0.0 0.0 0.0 0.0 0.0 0.0 0.0 0.0 0.0 0.0 0.0 0.0 0.0 0.0 0.0 0.0 0.0 0.0 0.0 0.0 0.0 0.0 0.0 0.0 0.0 0.0 0.0 0.0 0.0 0.0 0.0 0.0 0.0 0.0 0.0 0.0 0.0 0.0 0.0 0.0 0.0 0.0 0.0 0.0 0.0 0.0 0.0 0.0 0.0 0.0 0.0 0.0 0.0 0.0 0.0 0.0 0.0 0.0 0.0 0.0 0.0 0.0 0.0 0.0 0.0 0.0 0.0 0.0 0.0 0.0 0.0 0.0 0.0 0.0 0.0 0.0 0.0 0.0 0.0 0.0 0.0 0.0 0.0 0.0 0.0 0.0 0.0 
-9.393939393939393 -9.393939393939393 0.0 0.0 0.0 0.0 0.0 0.0 0.0 0.0 0.0 0.0 0.0 0.0 0.0 0.0 0.0 0.0 0.0 0.0 0.0 0.0 0.0 0.0 0.0 0.0 0.0 0.0 0.0 0.0 0.0 0.0 0.0 0.0 0.0 0.0 0.0 0.0 0.0 0.0 0.0 0.0 0.0 0.0 0.0 0.0 0.0 0.0 0.0 0.0 0.0 0.0 0.0 0.0 0.0 0.0 0.0 0.0 0.0 0.0 0.0 0.0 0.0 0.0 0.0 0.0 0.0 0.0 0.0 0.0 0.0 0.0 0.0 0.0 0.0 0.0 0.0 0.0 0.0 0.0 0.0 0.0 0.0 0.0 0.0 0.0 0.0 0.0 0.0 0.0 0.0 0.0 0.0 0.0 0.0 0.0 0.0 0.0 0.0 0.0 0.0 0.0 
-9.19191919191919 -9.19191919191919 0.0 0.0 0.0 0.0 0.0 0.0 0.0 0.0 0.0 0.0 0.0 0.0 0.0 0.0 0.0 0.0 0.0 0.0 0.0 0.0 0.0 0.0 0.0 0.0 0.0 0.0 0.0 0.0 0.0 0.0 0.0 0.0 0.0 0.0 0.0 0.0 0.0 0.0 0.0 0.0 0.0 0.0 0.0 0.0 0.0 0.0 0.0 0.0 0.0 0.0 0.0 0.0 0.0 0.0 0.0 0.0 0.0 0.0 0.0 0.0 0.0 0.0 0.0 0.0 0.0 0.0 0.0 0.0 0.0 0.0 0.0 0.0 0.0 0.0 0.0 0.0 0.0 0.0 0.0 0.0 0.0 0.0 0.0 0.0 0.0 0.0 0.0 0.0 0.0 0.0 0.0 0.0 0.0 0.0 0.0 0.0 0.0 0.0 0.0 0.0 
-8.989898989898988 -8.989898989898988 0.0 0.0 0.0 0.0 0.0 0.0 0.0 0.0 0.0 0.0 0.0 0.0 0.0 0.0 0.0 0.0 0.0 0.0 0.0 0.0 0.0 0.0 0.0 0.0 0.0 0.0 0.0 0.0 0.0 0.0 0.0 0.0 0.0 0.0 0.0 0.0 0.0 0.0 0.0 0.0 0.0 0.0 0.0 0.0 0.0 0.0 0.0 0.0 0.0 0.0 0.0 0.0 0.0 0.0 0.0 0.0 0.0 0.0 0.0 0.0 0.0 0.0 0.0 0.0 0.0 0.0 0.0 0.0 0.0 0.0 0.0 0.0 0.0 0.0 0.0 0.0 0.0 0.0 0.0 0.0 0.0 0.0 0.0 0.0 0.0 0.0 0.0 0.0 0.0 0.0 0.0 0.0 0.0 0.0 0.0 0.0 0.0 0.0 0.0 0.0 
-8.787878787878785 -8.787878787878785 0.0 0.0 0.0 0.0 0.0 0.0 0.0 0.0 0.0 0.0 0.0 0.0 0.0 0.0 0.0 0.0 0.0 0.0 0.0 0.0 0.0 0.0 0.0 0.0 0.0 0.0 0.0 0.0 0.0 0.0 0.0 0.0 0.0 0.0 0.0 0.0 0.0 0.0 0.0 0.0 0.0 0.0 0.0 0.0 0.0 0.0 0.0 0.0 0.0 0.0 0.0 0.0 0.0 0.0 0.0 0.0 0.0 0.0 0.0 0.0 0.0 0.0 0.0 0.0 0.0 0.0 0.0 0.0 0.0 0.0 0.0 0.0 0.0 0.0 0.0 0.0 0.0 0.0 0.0 0.0 0.0 0.0 0.0 0.0 0.0 0.0 0.0 0.0 0.0 0.0 0.0 0.0 0.0 0.0 0.0 0.0 0.0 0.0 0.0 0.0 
-8.585858585858583 -8.585858585858583 0.0 0.0 0.0 0.0 0.0 0.0 0.0 0.0 0.0 0.0 0.0 0.0 0.0 0.0 0.0 0.0 0.0 0.0 0.0 0.0 0.0 0.0 0.0 0.0 0.0 0.0 0.0 0.0 0.0 0.0 0.0 0.0 0.0 0.0 0.0 0.0 0.0 0.0 0.0 0.0 0.0 0.0 0.0 0.0 0.0 0.0 0.0 0.0 0.0 0.0 0.0 0.0 0.0 0.0 0.0 0.0 0.0 0.0 0.0 0.0 0.0 0.0 0.0 0.0 0.0 0.0 0.0 0.0 0.0 0.0 0.0 0.0 0.0 0.0 0.0 0.0 0.0 0.0 0.0 0.0 0.0 0.0 0.0 0.0 0.0 0.0 0.0 0.0 0.0 0.0 0.0 0.0 0.0 0.0 0.0 0.0 0.0 0.0 0.0 0.0 
-8.38383838383838 -8.38383838383838 0.0 0.0 0.0 0.0 0.0 0.0 0.0 0.0 0.0 0.0 0.0 0.0 0.0 0.0 0.0 0.0 0.0 0.0 0.0 0.0 0.0 0.0 0.0 0.0 0.0 0.0 0.0 0.0 0.0 0.0 0.0 0.0 0.0 0.0 0.0 0.0 0.0 0.0 0.0 0.0 0.0 0.0 0.0 0.0 0.0 0.0 0.0 0.0 0.0 0.0 0.0 0.0 0.0 0.0 0.0 0.0 0.0 0.0 0.0 0.0 0.0 0.0 0.0 0.0 0.0 0.0 0.0 0.0 0.0 0.0 0.0 0.0 0.0 0.0 0.0 0.0 0.0 0.0 0.0 0.0 0.0 0.0 0.0 0.0 0.0 0.0 0.0 0.0 0.0 0.0 0.0 0.0 0.0 0.0 0.0 0.0 0.0 0.0 0.0 0.0 
-8.181818181818178 -8.181818181818178 0.0 0.0 0.0 0.0 0.0 0.0 0.0 0.0 0.0 0.0 0.0 0.0 0.0 0.0 0.0 0.0 0.0 0.0 0.0 0.0 0.0 0.0 0.0 0.0 0.0 0.0 0.0 0.0 0.0 0.0 0.0 0.0 0.0 0.0 0.0 0.0 0.0 0.0 0.0 0.0 0.0 0.0 0.0 0.0 0.0 0.0 0.0 0.0 0.0 0.0 0.0 0.0 0.0 0.0 0.0 0.0 0.0 0.0 0.0 0.0 0.0 0.0 0.0 0.0 0.0 0.0 0.0 0.0 0.0 0.0 0.0 0.0 0.0 0.0 0.0 0.0 0.0 0.0 0.0 0.0 0.0 0.0 0.0 0.0 0.0 0.0 0.0 0.0 0.0 0.0 0.0 0.0 0.0 0.0 0.0 0.0 0.0 0.0 0.0 0.0 
-7.979797979797976 -7.979797979797976 0.0 0.0 0.0 0.0 0.0 0.0 0.0 0.0 0.0 0.0 0.0 0.0 0.0 0.0 0.0 0.0 0.0 0.0 0.0 0.0 0.0 0.0 0.0 0.0 0.0 0.0 0.0 0.0 0.0 0.0 0.0 0.0 0.0 0.0 0.0 0.0 0.0 0.0 0.0 0.0 0.0 0.0 0.0 0.0 0.0 0.0 0.0 0.0 0.0 0.0 0.0 0.0 0.0 0.0 0.0 0.0 0.0 0.0 0.0 0.0 0.0 0.0 0.0 0.0 0.0 0.0 0.0 0.0 0.0 0.0 0.0 0.0 0.0 0.0 0.0 0.0 0.0 0.0 0.0 0.0 0.0 0.0 0.0 0.0 0.0 0.0 0.0 0.0 0.0 0.0 0.0 0.0 0.0 0.0 0.0 0.0 0.0 0.0 0.0 0.0 
-7.777777777777773 -7.777777777777773 0.0 0.0 0.0 0.0 0.0 0.0 0.0 0.0 0.0 0.0 0.0 0.0 0.0 0.0 0.0 0.0 0.0 0.0 0.0 0.0 0.0 0.0 0.0 0.0 0.0 0.0 0.0 0.0 0.0 0.0 0.0 0.0 0.0 0.0 0.0 0.0 0.0 0.0 0.0 0.0 0.0 0.0 0.0 0.0 0.0 0.0 0.0 0.0 0.0 0.0 0.0 0.0 0.0 0.0 0.0 0.0 0.0 0.0 0.0 0.0 0.0 0.0 0.0 0.0 0.0 0.0 0.0 0.0 0.0 0.0 0.0 0.0 0.0 0.0 0.0 0.0 0.0 0.0 0.0 0.0 0.0 0.0 0.0 0.0 0.0 0.0 0.0 0.0 0.0 0.0 0.0 0.0 0.0 0.0 0.0 0.0 0.0 0.0 0.0 0.0 
-7.575757575757571 -7.575757575757571 0.0 0.0 0.0 0.0 0.0 0.0 0.0 0.0 0.0 0.0 0.0 0.0 0.0 0.0 0.0 0.0 0.0 0.0 0.0 0.0 0.0 0.0 0.0 0.0 0.0 0.0 0.0 0.0 0.0 0.0 0.0 0.0 0.0 0.0 0.0 0.0 0.0 0.0 0.0 0.0 0.0 0.0 0.0 0.0 0.0 0.0 0.0 0.0 0.0 0.0 0.0 0.0 0.0 0.0 0.0 0.0 0.0 0.0 0.0 0.0 0.0 0.0 0.0 0.0 0.0 0.0 0.0 0.0 0.0 0.0 0.0 0.0 0.0 0.0 0.0 0.0 0.0 0.0 0.0 0.0 0.0 0.0 0.0 0.0 0.0 0.0 0.0 0.0 0.0 0.0 0.0 0.0 0.0 0.0 0.0 0.0 0.0 0.0 0.0 0.0 
-7.373737373737368 -7.373737373737368 0.0 0.0 0.0 0.0 0.0 0.0 0.0 0.0 0.0 0.0 0.0 0.0 0.0 0.0 0.0 0.0 0.0 0.0 0.0 0.0 0.0 0.0 0.0 0.0 0.0 0.0 0.0 0.0 0.0 0.0 0.0 0.0 0.0 0.0 0.0 0.0 0.0 0.0 0.0 0.0 0.0 0.0 0.0 0.0 0.0 0.0 0.0 0.0 0.0 0.0 0.0 0.0 0.0 0.0 0.0 0.0 0.0 0.0 0.0 0.0 0.0 0.0 0.0 0.0 0.0 0.0 0.0 0.0 0.0 0.0 0.0 0.0 0.0 0.0 0.0 0.0 0.0 0.0 0.0 0.0 0.0 0.0 0.0 0.0 0.0 0.0 0.0 0.0 0.0 0.0 0.0 0.0 0.0 0.0 0.0 0.0 0.0 0.0 0.0 0.0 
-7.171717171717166 -7.171717171717166 0.0 0.0 0.0 0.0 0.0 0.0 0.0 0.0 0.0 0.0 0.0 0.0 0.0 0.0 0.0 0.0 0.0 0.0 0.0 0.0 0.0 0.0 0.0 0.0 0.0 0.0 0.0 0.0 0.0 0.0 0.0 0.0 0.0 0.0 0.0 0.0 0.0 0.0 0.0 0.0 0.0 0.0 0.0 0.0 0.0 0.0 0.0 0.0 0.0 0.0 0.0 0.0 0.0 0.0 0.0 0.0 0.0 0.0 0.0 0.0 0.0 0.0 0.0 0.0 0.0 0.0 0.0 0.0 0.0 0.0 0.0 0.0 0.0 0.0 0.0 0.0 0.0 0.0 0.0 0.0 0.0 0.0 0.0 0.0 0.0 0.0 0.0 0.0 0.0 0.0 0.0 0.0 0.0 0.0 0.0 0.0 0.0 0.0 0.0 0.0 
-6.9696969696969635 -6.9696969696969635 0.0 0.0 0.0 0.0 0.0 0.0 0.0 0.0 0.0 0.0 0.0 0.0 0.0 0.0 0.0 0.0 0.0 0.0 0.0 0.0 0.0 0.0 0.0 0.0 0.0 0.0 0.0 0.0 0.0 0.0 0.0 0.0 0.0 0.0 0.0 0.0 0.0 0.0 0.0 0.0 0.0 0.0 0.0 0.0 0.0 0.0 0.0 0.0 0.0 0.0 0.0 0.0 0.0 0.0 0.0 0.0 0.0 0.0 0.0 0.0 0.0 0.0 0.0 0.0 0.0 0.0 0.0 0.0 0.0 0.0 0.0 0.0 0.0 0.0 0.0 0.0 0.0 0.0 0.0 0.0 0.0 0.0 0.0 0.0 0.0 0.0 0.0 0.0 0.0 0.0 0.0 0.0 0.0 0.0 0.0 0.0 0.0 0.0 0.0 0.0 
-6.767676767676761 -6.767676767676761 0.0 0.0 0.0 0.0 0.0 0.0 0.0 0.0 0.0 0.0 0.0 0.0 0.0 0.0 0.0 0.0 0.0 0.0 0.0 0.0 0.0 0.0 0.0 0.0 0.0 0.0 0.0 0.0 0.0 0.0 0.0 0.0 0.0 0.0 0.0 0.0 0.0 0.0 0.0 0.0 0.0 0.0 0.0 0.0 0.0 0.0 0.0 0.0 0.0 0.0 0.0 0.0 0.0 0.0 0.0 0.0 0.0 0.0 0.0 0.0 0.0 0.0 0.0 0.0 0.0 0.0 0.0 0.0 0.0 0.0 0.0 0.0 0.0 0.0 0.0 0.0 0.0 0.0 0.0 0.0 0.0 0.0 0.0 0.0 0.0 0.0 0.0 0.0 0.0 0.0 0.0 0.0 0.0 0.0 0.0 0.0 0.0 0.0 0.0 0.0 
-6.565656565656559 -6.565656565656559 0.0 0.0 0.0 0.0 0.0 0.0 0.0 0.0 0.0 0.0 0.0 0.0 0.0 0.0 0.0 0.0 0.0 0.0 0.0 0.0 0.0 0.0 0.0 0.0 0.0 0.0 0.0 0.0 0.0 0.0 0.0 0.0 0.0 0.0 0.0 0.0 0.0 0.0 0.0 0.0 0.0 0.0 0.0 0.0 0.0 0.0 0.0 0.0 0.0 0.0 0.0 0.0 0.0 0.0 0.0 0.0 0.0 0.0 0.0 0.0 0.0 0.0 0.0 0.0 0.0 0.0 0.0 0.0 0.0 0.0 0.0 0.0 0.0 0.0 0.0 0.0 0.0 0.0 0.0 0.0 0.0 0.0 0.0 0.0 0.0 0.0 0.0 0.0 0.0 0.0 0.0 0.0 0.0 0.0 0.0 0.0 0.0 0.0 0.0 0.0 
-6.363636363636356 -6.363636363636356 0.0 0.0 0.0 0.0 0.0 0.0 0.0 0.0 0.0 0.0 0.0 0.0 0.0 0.0 0.0 0.0 0.0 0.0 0.0 0.0 0.0 0.0 0.0 0.0 0.0 0.0 0.0 0.0 0.0 0.0 0.0 0.0 0.0 0.0 0.0 0.0 0.0 0.0 0.0 0.0 0.0 0.0 0.0 0.0 0.0 0.0 0.0 0.0 0.0 0.0 0.0 0.0 0.0 0.0 0.0 0.0 0.0 0.0 0.0 0.0 0.0 0.0 0.0 0.0 0.0 0.0 0.0 0.0 0.0 0.0 0.0 0.0 0.0 0.0 0.0 0.0 0.0 0.0 0.0 0.0 0.0 0.0 0.0 0.0 0.0 0.0 0.0 0.0 0.0 0.0 0.0 0.0 0.0 0.0 0.0 0.0 0.0 0.0 0.0 0.0 
-6.161616161616154 -6.161616161616154 0.0 0.0 0.0 0.0 0.0 0.0 0.0 0.0 0.0 0.0 0.0 0.0 0.0 0.0 0.0 0.0 0.0 0.0 0.0 0.0 0.0 0.0 0.0 0.0 0.0 0.0 0.0 0.0 0.0 0.0 0.0 0.0 0.0 0.0 0.0 0.0 0.0 0.0 0.0 0.0 0.0 0.0 0.0 0.0 0.0 0.0 0.0 0.0 0.0 0.0 0.0 0.0 0.0 0.0 0.0 0.0 0.0 0.0 0.0 0.0 0.0 0.0 0.0 0.0 0.0 0.0 0.0 0.0 0.0 0.0 0.0 0.0 0.0 0.0 0.0 0.0 0.0 0.0 0.0 0.0 0.0 0.0 0.0 0.0 0.0 0.0 0.0 0.0 0.0 0.0 0.0 0.0 0.0 0.0 0.0 0.0 0.0 0.0 0.0 0.0 
-5.959595959595951 -5.959595959595951 0.0 0.0 0.0 0.0 0.0 0.0 0.0 0.0 0.0 0.0 0.0 0.0 0.0 0.0 0.0 0.0 0.0 0.0 0.0 0.0 0.0 0.0 0.0 0.0 0.0 0.0 0.0 0.0 0.0 0.0 0.0 0.0 0.0 0.0 0.0 0.0 0.0 0.0 0.0 0.0 0.0 0.0 0.0 0.0 0.0 0.0 0.0 0.0 0.0 0.0 0.0 0.0 0.0 0.0 0.0 0.0 0.0 0.0 0.0 0.0 0.0 0.0 0.0 0.0 0.0 0.0 0.0 0.0 0.0 0.0 0.0 0.0 0.0 0.0 0.0 0.0 0.0 0.0 0.0 0.0 0.0 0.0 0.0 0.0 0.0 0.0 0.0 0.0 0.0 0.0 0.0 0.0 0.0 0.0 0.0 0.0 0.0 0.0 0.0 0.0 
-5.757575757575749 -5.757575757575749 0.0 0.0 0.0 0.0 0.0 0.0 0.0 0.0 0.0 0.0 0.0 0.0 0.0 0.0 0.0 0.0 0.0 0.0 0.0 0.0 0.0 0.0 0.0 0.0 0.0 0.0 0.0 0.0 0.0 0.0 0.0 0.0 0.0 0.0 0.0 0.0 0.0 0.0 0.0 0.0 0.0 0.0 0.0 0.0 0.0 0.0 0.0 0.0 0.0 0.0 0.0 0.0 0.0 0.0 0.0 0.0 0.0 0.0 0.0 0.0 0.0 0.0 0.0 0.0 0.0 0.0 0.0 0.0 0.0 0.0 0.0 0.0 0.0 0.0 0.0 0.0 0.0 0.0 0.0 0.0 0.0 0.0 0.0 0.0 0.0 0.0 0.0 0.0 0.0 0.0 0.0 0.0 0.0 0.0 0.0 0.0 0.0 0.0 0.0 0.0 
-5.5555555555555465 -5.5555555555555465 0.0 0.0 0.0 0.0 0.0 0.0 0.0 0.0 0.0 0.0 0.0 0.0 0.0 0.0 0.0 0.0 0.0 0.0 0.0 0.0 0.0 0.0 0.0 0.0 0.0 0.0 0.0 0.0 0.0 0.0 0.0 0.0 0.0 0.0 0.0 0.0 0.0 0.0 0.0 0.0 0.0 0.0 0.0 0.0 0.0 0.0 0.0 0.0 0.0 0.0 0.0 0.0 0.0 0.0 0.0 0.0 0.0 0.0 0.0 0.0 0.0 0.0 0.0 0.0 0.0 0.0 0.0 0.0 0.0 0.0 0.0 0.0 0.0 0.0 0.0 0.0 0.0 0.0 0.0 0.0 0.0 0.0 0.0 0.0 0.0 0.0 0.0 0.0 0.0 0.0 0.0 0.0 0.0 0.0 0.0 0.0 0.0 0.0 0.0 0.0 
-5.353535353535344 -5.353535353535344 0.0 0.0 0.0 0.0 0.0 0.0 0.0 0.0 0.0 0.0 0.0 0.0 0.0 0.0 0.0 0.0 0.0 0.0 0.0 0.0 0.0 0.0 0.0 0.0 0.0 0.0 0.0 0.0 0.0 0.0 0.0 0.0 0.0 0.0 0.0 0.0 0.0 0.0 0.0 0.0 0.0 0.0 0.0 0.0 0.0 0.0 0.0 0.0 0.0 0.0 0.0 0.0 0.0 0.0 0.0 0.0 0.0 0.0 0.0 0.0 0.0 0.0 0.0 0.0 0.0 0.0 0.0 0.0 0.0 0.0 0.0 0.0 0.0 0.0 0.0 0.0 0.0 0.0 0.0 0.0 0.0 0.0 0.0 0.0 0.0 0.0 0.0 0.0 0.0 0.0 0.0 0.0 0.0 0.0 0.0 0.0 0.0 0.0 0.0 0.0 
-5.151515151515142 -5.151515151515142 0.0 0.0 0.0 0.0 0.0 0.0 0.0 0.0 0.0 0.0 0.0 0.0 0.0 0.0 0.0 0.0 0.0 0.0 0.0 0.0 0.0 0.0 0.0 0.0 0.0 0.0 0.0 0.0 0.0 0.0 0.0 0.0 0.0 0.0 0.0 0.0 0.0 0.0 0.0 0.0 0.0 0.0 0.0 0.0 0.0 0.0 0.0 0.022979514562018865 0.04111825323947757 0.050187622578206664 0.05018762257820616 0.04111825323947604 0.022979514562016315 0.0 0.0 0.0 0.0 0.0 0.0 0.0 0.0 0.0 0.0 0.0 0.0 0.0 0.0 0.0 0.0 0.0 0.0 0.0 0.0 0.0 0.0 0.0 0.0 0.0 0.0 0.0 0.0 0.0 0.0 0.0 0.0 0.0 0.0 0.0 0.0 0.0 0.0 0.0 0.0 0.0 0.0 0.0 0.0 0.0 0.0 0.0 
-4.949494949494939 -4.949494949494939 0.0 0.0 0.0 0.0 0.0 0.0 0.0 0.0 0.0 0.0 0.0 0.0 0.0 0.0 0.0 0.0 0.0 0.0 0.0 0.0 0.0 0.0 0.0 0.0 0.0 0.0 0.0 0.0 0.0 0.0 0.0 0.0 0.0 0.0 0.0 0.0 0.0 0.0 0.0 0.0 0.0 0.0 0.022979514562021575 0.08646509993312829 0.14088131596550543 0.18622816265915293 0.22250564001407086 0.24971374803025914 0.2678524867077179 0.276921856046447 0.2769218560464464 0.26785248670771633 0.2497137480302566 0.22250564001406725 0.18622816265914832 0.14088131596549974 0.08646509993312163 0.022979514562013803 0.0 0.0 0.0 0.0 0.0 0.0 0.0 0.0 0.0 0.0 0.0 0.0 0.0 0.0 0.0 0.0 0.0 0.0 0.0 0.0 0.0 0.0 0.0 0.0 0.0 0.0 0.0 0.0 0.0 0.0 0.0 0.0 0.0 0.0 0.0 0.0 0.0 0.0 0.0 0.0 0.0 0.0 
-4.747474747474737 -4.747474747474737 0.0 0.0 0.0 0.0 0.0 0.0 0.0 0.0 0.0 0.0 0.0 0.0 0.0 0.0 0.0 0.0 0.0 0.0 0.0 0.0 0.0 0.0 0.0 0.0 0.0 0.0 0.0 0.0 0.0 0.0 0.0 0.0 0.0 0.0 0.0 0.0 0.0 0.0 0.0 0.0 0.08646509993313001 0.1680894239816959 0.24064437869153227 0.304129964062639 0.35854618009501615 0.4038930267886636 0.44017050414358155 0.46737861215976984 0.4855173508372286 0.4945867201759577 0.4945867201759571 0.485517350837227 0.4673786121597673 0.44017050414357795 0.403893026788659 0.35854618009501044 0.3041299640626323 0.2406443786915245 0.16808942398168725 0.08646509993312024 0.0 0.0 0.0 0.0 0.0 0.0 0.0 0.0 0.0 0.0 0.0 0.0 0.0 0.0 0.0 0.0 0.0 0.0 0.0 0.0 0.0 0.0 0.0 0.0 0.0 0.0 0.0 0.0 0.0 0.0 0.0 0.0 0.0 0.0 0.0 0.0 0.0 0.0 0.0 0.0 
-4.545454545454534 -4.545454545454534 0.0 0.0 0.0 0.0 0.0 0.0 0.0 0.0 0.0 0.0 0.0 0.0 0.0 0.0 0.0 0.0 0.0 0.0 0.0 0.0 0.0 0.0 0.0 0.0 0.0 0.0 0.0 0.0 0.0 0.0 0.0 0.0 0.0 0.0 0.0 0.0 0.0 0.0 0.10460383861058986 0.20436690133661511 0.29506059472391066 0.37668491877247656 0.4492398734823129 0.5127254588534196 0.5671416748857968 0.6124885215794442 0.6487659989343622 0.6759741069505505 0.6941128456280092 0.7031822149667383 0.7031822149667378 0.6941128456280077 0.6759741069505479 0.6487659989343586 0.6124885215794397 0.5671416748857911 0.5127254588534129 0.44923987348230515 0.3766849187724679 0.2950605947239009 0.2043669013366043 0.10460383861057798 0.0 0.0 0.0 0.0 0.0 0.0 0.0 0.0 0.0 0.0 0.0 0.0 0.0 0.0 0.0 0.0 0.0 0.0 0.0 0.0 0.0 0.0 0.0 0.0 0.0 0.0 0.0 0.0 0.0 0.0 0.0 0.0 0.0 0.0 0.0 0.0 0.0 0.0 
-4.343434343434332 -4.343434343434332 0.0 0.0 0.0 0.0 0.0 0.0 0.0 0.0 0.0 0.0 0.0 0.0 0.0 0.0 0.0 0.0 0.0 0.0 0.0 0.0 0.0 0.0 0.0 0.0 0.0 0.0 0.0 0.0 0.0 0.0 0.0 0.0 0.0 0.0 0.0 0.0 0.0773957305944023 0.1952975319978868 0.30412996406264137 0.4038930267886666 0.49458672017596217 0.5762110442245281 0.6487659989343644 0.7122515843054711 0.7666678003378483 0.8120146470314957 0.8482921243864137 0.875500232402602 0.8936389710800607 0.9027083404187898 0.9027083404187893 0.8936389710800592 0.8755002324025994 0.8482921243864101 0.8120146470314912 0.7666678003378427 0.7122515843054644 0.6487659989343566 0.5762110442245194 0.4945867201759524 0.4038930267886558 0.3041299640626295 0.1952975319978737 0.07739573059438842 0.0 0.0 0.0 0.0 0.0 0.0 0.0 0.0 0.0 0.0 0.0 0.0 0.0 0.0 0.0 0.0 0.0 0.0 0.0 0.0 0.0 0.0 0.0 0.0 0.0 0.0 0.0 0.0 0.0 0.0 0.0 0.0 0.0 0.0 0.0 0.0 
-4.1414141414141294 -4.1414141414141294 0.0 0.0 0.0 0.0 0.0 0.0 0.0 0.0 0.0 0.0 0.0 0.0 0.0 0.0 0.0 0.0 0.0 0.0 0.0 0.0 0.0 0.0 0.0 0.0 0.0 0.0 0.0 0.0 0.0 0.0 0.0 0.0 0.0 0.0 0.004840775884566106 0.1408813159655098 0.26785248670772377 0.38575428811120827 0.49458672017596284 0.5943497829019881 0.6850434762892836 0.7666678003378495 0.8392227550476858 0.9027083404187926 0.9571245564511698 1.0024714031448172 1.0387488804997351 1.0659569885159235 1.0840957271933822 1.0931650965321114 1.0931650965321107 1.0840957271933807 1.065956988515921 1.0387488804997316 1.0024714031448125 0.9571245564511641 0.9027083404187859 0.8392227550476781 0.7666678003378409 0.6850434762892739 0.5943497829019773 0.49458672017595096 0.38575428811119516 0.2678524867077099 0.1408813159654948 0.004840775884550341 0.0 0.0 0.0 0.0 0.0 0.0 0.0 0.0 0.0 0.0 0.0 0.0 0.0 0.0 0.0 0.0 0.0 0.0 0.0 0.0 0.0 0.0 0.0 0.0 0.0 0.0 0.0 0.0 0.0 0.0 0.0 0.0 0.0 0.0 
-3.9393939393939275 -3.9393939393939275 0.0 0.0 0.0 0.0 0.0 0.0 0.0 0.0 0.0 0.0 0.0 0.0 0.0 0.0 0.0 0.0 0.0 0.0 0.0 0.0 0.0 0.0 0.0 0.0 0.0 0.0 0.0 0.0 0.0 0.0 0.0 0.0 0.0 0.04111825323948448 0.18622816265915754 0.3222687027401012 0.4492398734823152 0.5671416748857997 0.6759741069505543 0.7757371696765796 0.8664308630638751 0.948055187112441 1.0206101418222773 1.084095727193384 1.138511943225761 1.1838587899194086 1.2201362672743266 1.247344375290515 1.2654831139679736 1.2745524833067028 1.2745524833067021 1.265483113967972 1.2473443752905125 1.220136267274323 1.183858789919404 1.1385119432257556 1.0840957271933773 1.0206101418222695 0.9480551871124323 0.8664308630638653 0.7757371696765687 0.6759741069505424 0.5671416748857866 0.4492398734823013 0.32226870274008623 0.18622816265914177 0.04111825323946716 0.0 0.0 0.0 0.0 0.0 0.0 0.0 0.0 0.0 0.0 0.0 0.0 0.0 0.0 0.0 0.0 0.0 0.0 0.0 0.0 0.0 0.0 0.0 0.0 0.0 0.0 0.0 0.0 0.0 0.0 0.0 0.0 0.0 
-3.7373737373737255 -3.7373737373737255 0.0 0.0 0.0 0.0 0.0 0.0 0.0 0.0 0.0 0.0 0.0 0.0 0.0 0.0 0.0 0.0 0.0 0.0 0.0 0.0 0.0 0.0 0.0 0.0 0.0 0.0 0.0 0.0 0.0 0.0 0.0 0.0 0.05925699191694367 0.21343627067534632 0.3585461800950194 0.49458672017596306 0.621557890918177 0.7394596923216615 0.8482921243864161 0.9480551871124414 1.038748880499737 1.1203732045483028 1.192928159258139 1.2564137446292458 1.310829960661623 1.3561768073552705 1.3924542847101884 1.4196623927263767 1.4378011314038355 1.4468705007425646 1.446870500742564 1.437801131403834 1.4196623927263743 1.3924542847101848 1.3561768073552658 1.3108299606616174 1.2564137446292392 1.1929281592581313 1.1203732045482941 1.0387488804997271 0.9480551871124305 0.8482921243864042 0.7394596923216484 0.6215578909181632 0.49458672017594807 0.3585461800950036 0.213436270675329 0.05925699191692546 0.0 0.0 0.0 0.0 0.0 0.0 0.0 0.0 0.0 0.0 0.0 0.0 0.0 0.0 0.0 0.0 0.0 0.0 0.0 0.0 0.0 0.0 0.0 0.0 0.0 0.0 0.0 0.0 0.0 0.0 0.0 0.0 
-3.5353535353535235 -3.5353535353535235 0.0 0.0 0.0 0.0 0.0 0.0 0.0 0.0 0.0 0.0 0.0 0.0 0.0 0.0 0.0 0.0 0.0 0.0 0.0 0.0 0.0 0.0 0.0 0.0 0.0 0.0 0.0 0.0 0.0 0.0 0.0 0.05925699191694367 0.22250564001407636 0.376684918772479 0.5217948281921521 0.6578353682730957 0.7848065390153097 0.9027083404187942 1.0115407724835488 1.111303835209574 1.2019975285968696 1.2836218526454355 1.3561768073552718 1.4196623927263785 1.4740786087587556 1.5194254554524032 1.555702932807321 1.5829110408235094 1.6010497795009682 1.6101191488396973 1.6101191488396966 1.6010497795009666 1.582911040823507 1.5557029328073175 1.5194254554523985 1.47407860875875 1.4196623927263718 1.356176807355264 1.2836218526454268 1.2019975285968598 1.1113038352095632 1.0115407724835368 0.9027083404187811 0.7848065390152958 0.6578353682730808 0.5217948281921363 0.3766849187724617 0.22250564001405815 0.059256991916924795 0.0 0.0 0.0 0.0 0.0 0.0 0.0 0.0 0.0 0.0 0.0 0.0 0.0 0.0 0.0 0.0 0.0 0.0 0.0 0.0 0.0 0.0 0.0 0.0 0.0 0.0 0.0 0.0 0.0 0.0 0.0 
-3.3333333333333215 -3.3333333333333215 0.0 0.0 0.0 0.0 0.0 0.0 0.0 0.0 0.0 0.0 0.0 0.0 0.0 0.0 0.0 0.0 0.0 0.0 0.0 0.0 0.0 0.0 0.0 0.0 0.0 0.0 0.0 0.0 0.0 0.0 0.04111825323948448 0.21343627067534632 0.376684918772479 0.5308641975308817 0.6759741069505547 0.8120146470314984 0.9389858177737124 1.0568876191771968 1.1657200512419514 1.2654831139679767 1.3561768073552722 1.4378011314038381 1.5103560861136744 1.5738416714847812 1.6282578875171583 1.6736047342108058 1.7098822115657237 1.737090319581912 1.7552290582593708 1.7642984275981 1.7642984275980993 1.7552290582593693 1.7370903195819096 1.7098822115657202 1.6736047342108011 1.6282578875171527 1.5738416714847745 1.5103560861136667 1.4378011314038295 1.3561768073552625 1.2654831139679659 1.1657200512419394 1.0568876191771839 0.9389858177736985 0.8120146470314834 0.6759741069505389 0.5308641975308643 0.3766849187724608 0.21343627067532744 0.04111825323946405 0.0 0.0 0.0 0.0 0.0 0.0 0.0 0.0 0.0 0.0 0.0 0.0 0.0 0.0 0.0 0.0 0.0 0.0 0.0 0.0 0.0 0.0 0.0 0.0 0.0 0.0 0.0 0.0 0.0 0.0 
-3.1313131313131195 -3.1313131313131195 0.0 0.0 0.0 0.0 0.0 0.0 0.0 0.0 0.0 0.0 0.0 0.0 0.0 0.0 0.0 0.0 0.0 0.0 0.0 0.0 0.0 0.0 0.0 0.0 0.0 0.0 0.0 0.0 0.0 0.004840775884566106 0.18622816265915754 0.3585461800950194 0.5217948281921521 0.6759741069505547 0.8210840163702278 0.9571245564511714 1.0840957271933855 1.2019975285968698 1.3108299606616245 1.4105930233876498 1.5012867167749453 1.5829110408235112 1.6554659955333475 1.7189515809044542 1.7733677969368313 1.8187146436304789 1.8549921209853968 1.8822002290015851 1.9003389676790439 1.909408337017773 1.9094083370177724 1.9003389676790423 1.8822002290015827 1.8549921209853932 1.8187146436304742 1.7733677969368258 1.7189515809044476 1.6554659955333397 1.5829110408235025 1.5012867167749355 1.410593023387639 1.3108299606616125 1.201997528596857 1.0840957271933716 0.9571245564511565 0.821084016370212 0.6759741069505374 0.5217948281921339 0.3585461800950005 0.1862281626591371 0.00484077588454479 0.0 0.0 0.0 0.0 0.0 0.0 0.0 0.0 0.0 0.0 0.0 0.0 0.0 0.0 0.0 0.0 0.0 0.0 0.0 0.0 0.0 0.0 0.0 0.0 0.0 0.0 0.0 0.0 0.0 
-2.9292929292929175 -2.9292929292929175 0.0 0.0 0.0 0.0 0.0 0.0 0.0 0.0 0.0 0.0 0.0 0.0 0.0 0.0 0.0 0.0 0.0 0.0 0.0 0.0 0.0 0.0 0.0 0.0 0.0 0.0 0.0 0.0 0.0 0.14088131596550957 0.322268702740101 0.49458672017596284 0.6578353682730955 0.8120146470314982 0.9571245564511712 1.093165096532115 1.220136267274329 1.3380380686778133 1.446870500742568 1.5466335634685933 1.6373272568558888 1.7189515809044547 1.791506535614291 1.8549921209853977 1.9094083370177748 1.9547551837114223 1.9910326610663402 2.018240769082529 2.036379507759987 2.0454488770987163 2.045448877098716 2.0363795077599858 2.018240769082526 1.9910326610663367 1.9547551837114177 1.9094083370177692 1.854992120985391 1.7915065356142832 1.718951580904446 1.637327256855879 1.5466335634685824 1.446870500742556 1.3380380686778004 1.220136267274315 1.0931650965321 0.9571245564511555 0.8120146470314809 0.6578353682730773 0.49458672017594396 0.32226870274008057 0.14088131596548825 0.0 0.0 0.0 0.0 0.0 0.0 0.0 0.0 0.0 0.0 0.0 0.0 0.0 0.0 0.0 0.0 0.0 0.0 0.0 0.0 0.0 0.0 0.0 0.0 0.0 0.0 0.0 0.0 0.0 
-2.7272727272727155 -2.7272727272727155 0.0 0.0 0.0 0.0 0.0 0.0 0.0 0.0 0.0 0.0 0.0 0.0 0.0 0.0 0.0 0.0 0.0 0.0 0.0 0.0 0.0 0.0 0.0 0.0 0.0 0.0 0.0 0.0 0.07739573059440241 0.2678524867077239 0.4492398734823153 0.6215578909181771 0.7848065390153098 0.9389858177737125 1.0840957271933855 1.2201362672743292 1.3471074380165433 1.4650092394200276 1.5738416714847823 1.6736047342108076 1.764298427598103 1.845922751646669 1.9184777063565053 1.981963291727612 2.0363795077599893 2.081726354453637 2.118003831808555 2.145211939824743 2.1633506785022014 2.1724200478409306 2.17242004784093 2.1633506785022 2.1452119398247405 2.1180038318085512 2.081726354453632 2.0363795077599836 1.9819632917276053 1.9184777063564975 1.8459227516466603 1.7642984275980933 1.6736047342107967 1.5738416714847703 1.4650092394200147 1.3471074380165293 1.2201362672743143 1.0840957271933698 0.9389858177736952 0.7848065390152916 0.6215578909181583 0.4492398734822949 0.26785248670770256 0.07739573059437976 0.0 0.0 0.0 0.0 0.0 0.0 0.0 0.0 0.0 0.0 0.0 0.0 0.0 0.0 0.0 0.0 0.0 0.0 0.0 0.0 0.0 0.0 0.0 0.0 0.0 0.0 0.0 0.0 
-2.5252525252525135 -2.5252525252525135 0.0 0.0 0.0 0.0 0.0 0.0 0.0 0.0 0.0 0.0 0.0 0.0 0.0 0.0 0.0 0.0 0.0 0.0 0.0 0.0 0.0 0.0 0.0 0.0 0.0 0.0 0.0 0.0 0.1952975319978867 0.38575428811120815 0.5671416748857996 0.7394596923216614 0.9027083404187941 1.0568876191771968 1.2019975285968698 1.3380380686778135 1.4650092394200276 1.5829110408235119 1.6917434728882665 1.7915065356142919 1.8822002290015873 1.9638245530501532 2.0363795077599898 2.0998650931310965 2.1542813091634736 2.199628155857121 2.235905633212039 2.2631137412282274 2.2812524799056857 2.290321849244415 2.2903218492444144 2.2812524799056844 2.2631137412282247 2.2359056332120355 2.1996281558571162 2.154281309163468 2.09986509313109 2.0363795077599818 1.9638245530501446 1.8822002290015776 1.791506535614281 1.6917434728882546 1.582911040823499 1.4650092394200136 1.3380380686777986 1.201997528596854 1.0568876191771794 0.9027083404187759 0.7394596923216425 0.5671416748857792 0.38575428811118684 0.19529753199786404 0.0 0.0 0.0 0.0 0.0 0.0 0.0 0.0 0.0 0.0 0.0 0.0 0.0 0.0 0.0 0.0 0.0 0.0 0.0 0.0 0.0 0.0 0.0 0.0 0.0 0.0 0.0 0.0 
-2.3232323232323115 -2.3232323232323115 0.0 0.0 0.0 0.0 0.0 0.0 0.0 0.0 0.0 0.0 0.0 0.0 0.0 0.0 0.0 0.0 0.0 0.0 0.0 0.0 0.0 0.0 0.0 0.0 0.0 0.0 0.0 0.10460383861058986 0.30412996406264137 0.49458672017596284 0.6759741069505543 0.8482921243864161 1.0115407724835488 1.1657200512419514 1.3108299606616245 1.4468705007425682 1.5738416714847823 1.6917434728882665 1.8005759049530212 1.9003389676790465 1.991032661066342 2.072656985114908 2.1452119398247445 2.208697525195851 2.2631137412282283 2.308460587921876 2.3447380652767937 2.371946173292982 2.3900849119704404 2.3991542813091695 2.399154281309169 2.390084911970439 2.3719461732929794 2.34473806527679 2.308460587921871 2.2631137412282225 2.2086975251958445 2.1452119398247365 2.0726569851148993 1.9910326610663323 1.9003389676790357 1.8005759049530092 1.6917434728882537 1.5738416714847683 1.4468705007425533 1.3108299606616087 1.1657200512419341 1.0115407724835306 0.8482921243863972 0.6759741069505338 0.4945867201759415 0.3041299640626187 0.10460383861056632 0.0 0.0 0.0 0.0 0.0 0.0 0.0 0.0 0.0 0.0 0.0 0.0 0.0 0.0 0.0 0.0 0.0 0.0 0.0 0.0 0.0 0.0 0.0 0.0 0.0 0.0 0.0 
-2.1212121212121096 -2.1212121212121096 0.0 0.0 0.0 0.0 0.0 0.0 0.0 0.0 0.0 0.0 0.0 0.0 0.0 0.0 0.0 0.0 0.0 0.0 0.0 0.0 0.0 0.0 0.0 0.0 0.0 0.0 0.0 0.20436690133661495 0.40389302678866645 0.5943497829019879 0.7757371696765794 0.9480551871124412 1.1113038352095739 1.2654831139679765 1.4105930233876496 1.5466335634685933 1.6736047342108074 1.7915065356142916 1.9003389676790463 2.0001020304050714 2.0907957237923673 2.172420047840933 2.2449750025507695 2.3084605879218763 2.3628768039542534 2.408223650647901 2.444501128002819 2.471709236019007 2.4898479746964655 2.4989173440351946 2.498917344035194 2.489847974696464 2.4717092360190045 2.4445011280028153 2.408223650647896 2.3628768039542476 2.3084605879218696 2.2449750025507615 2.1724200478409244 2.0907957237923576 2.0001020304050607 1.9003389676790343 1.7915065356142788 1.6736047342107934 1.5466335634685784 1.4105930233876338 1.2654831139679592 1.1113038352095557 0.9480551871124223 0.7757371696765589 0.5943497829019666 0.4038930267886438 0.2043669013365914 0.0 0.0 0.0 0.0 0.0 0.0 0.0 0.0 0.0 0.0 0.0 0.0 0.0 0.0 0.0 0.0 0.0 0.0 0.0 0.0 0.0 0.0 0.0 0.0 0.0 0.0 0.0 
-1.9191919191919076 -1.9191919191919076 0.0 0.0 0.0 0.0 0.0 0.0 0.0 0.0 0.0 0.0 0.0 0.0 0.0 0.0 0.0 0.0 0.0 0.0 0.0 0.0 0.0 0.0 0.0 0.0 0.0 0.0 0.08646509993312979 0.29506059472391044 0.49458672017596195 0.6850434762892834 0.8664308630638748 1.0387488804997367 1.2019975285968694 1.356176807355272 1.501286716774945 1.6373272568558888 1.7642984275981028 1.8822002290015871 1.9910326610663418 2.090795723792367 2.1814894171796624 2.2631137412282287 2.335668695938065 2.3991542813091717 2.453570497341549 2.4989173440351964 2.5351948213901143 2.5624029294063027 2.580541668083761 2.58961103742249 2.5896110374224897 2.5805416680837596 2.5624029294063 2.5351948213901108 2.4989173440351915 2.453570497341543 2.399154281309165 2.335668695938057 2.26311374122822 2.1814894171796526 2.0907957237923562 1.9910326610663298 1.8822002290015742 1.7642984275980889 1.6373272568558739 1.5012867167749293 1.3561768073552547 1.2019975285968512 1.0387488804997178 0.8664308630638544 0.6850434762892621 0.4945867201759393 0.2950605947238869 0.08646509993310492 0.0 0.0 0.0 0.0 0.0 0.0 0.0 0.0 0.0 0.0 0.0 0.0 0.0 0.0 0.0 0.0 0.0 0.0 0.0 0.0 0.0 0.0 0.0 0.0 0.0 0.0 
-1.7171717171717056 -1.7171717171717056 0.0 0.0 0.0 0.0 0.0 0.0 0.0 0.0 0.0 0.0 0.0 0.0 0.0 0.0 0.0 0.0 0.0 0.0 0.0 0.0 0.0 0.0 0.0 0.0 0.0 0.0 0.16808942398169613 0.3766849187724768 0.5762110442245283 0.7666678003378498 0.9480551871124412 1.120373204548303 1.2836218526454357 1.4378011314038384 1.5829110408235114 1.718951580904455 1.8459227516466692 1.9638245530501535 2.072656985114908 2.1724200478409332 2.2631137412282287 2.344738065276795 2.4172930199866314 2.480778605357738 2.535194821390115 2.5805416680837627 2.6168191454386807 2.644027253454869 2.6621659921323273 2.6712353614710564 2.671235361471056 2.662165992132326 2.6440272534548663 2.616819145438677 2.580541668083758 2.5351948213901094 2.4807786053577314 2.4172930199866234 2.344738065276786 2.263113741228219 2.1724200478409226 2.072656985114896 1.9638245530501406 1.8459227516466552 1.7189515809044402 1.5829110408234957 1.437801131403821 1.2836218526454175 1.1203732045482842 0.9480551871124208 0.7666678003378284 0.5762110442245056 0.37668491877245325 0.16808942398167126 0.0 0.0 0.0 0.0 0.0 0.0 0.0 0.0 0.0 0.0 0.0 0.0 0.0 0.0 0.0 0.0 0.0 0.0 0.0 0.0 0.0 0.0 0.0 0.0 0.0 0.0 
-1.5151515151515036 -1.5151515151515036 0.0 0.0 0.0 0.0 0.0 0.0 0.0 0.0 0.0 0.0 0.0 0.0 0.0 0.0 0.0 0.0 0.0 0.0 0.0 0.0 0.0 0.0 0.0 0.0 0.0 0.02297951456202174 0.24064437869153243 0.4492398734823131 0.6487659989343646 0.8392227550476861 1.0206101418222775 1.1929281592581393 1.356176807355272 1.5103560861136747 1.6554659955333477 1.7915065356142914 1.9184777063565055 2.0363795077599898 2.1452119398247445 2.2449750025507695 2.3356686959380655 2.417293019986631 2.4898479746964677 2.5533335600675744 2.6077497760999515 2.653096622793599 2.689374100148517 2.7165822081647053 2.7347209468421636 2.7437903161808928 2.7437903161808923 2.7347209468421623 2.7165822081647026 2.6893741001485134 2.653096622793594 2.6077497760999457 2.5533335600675677 2.4898479746964597 2.4172930199866225 2.3356686959380557 2.244975002550759 2.1452119398247325 2.036379507759977 1.9184777063564915 1.7915065356142765 1.655465995533332 1.5103560861136573 1.3561768073552538 1.1929281592581205 1.020610141822257 0.8392227550476647 0.648765998934342 0.44923987348228955 0.24064437869150757 0.022979514561995984 0.0 0.0 0.0 0.0 0.0 0.0 0.0 0.0 0.0 0.0 0.0 0.0 0.0 0.0 0.0 0.0 0.0 0.0 0.0 0.0 0.0 0.0 0.0 0.0 0.0 
-1.3131313131313016 -1.3131313131313016 0.0 0.0 0.0 0.0 0.0 0.0 0.0 0.0 0.0 0.0 0.0 0.0 0.0 0.0 0.0 0.0 0.0 0.0 0.0 0.0 0.0 0.0 0.0 0.0 0.0 0.08646509993312845 0.30412996406263915 0.5127254588534198 0.7122515843054713 0.9027083404187928 1.0840957271933842 1.256413744629246 1.4196623927263787 1.5738416714847814 1.7189515809044544 1.8549921209853981 1.9819632917276122 2.0998650931310965 2.208697525195851 2.3084605879218763 2.3991542813091717 2.480778605357738 2.5533335600675744 2.616819145438681 2.6712353614710582 2.7165822081647057 2.7528596855196237 2.780067793535812 2.7982065322132703 2.8072759015519995 2.807275901551999 2.798206532213269 2.7800677935358094 2.75285968551962 2.716582208164701 2.6712353614710524 2.6168191454386744 2.5533335600675664 2.480778605357729 2.399154281309162 2.3084605879218656 2.208697525195839 2.0998650931310836 1.9819632917275982 1.8549921209853832 1.7189515809044387 1.573841671484764 1.4196623927263605 1.2564137446292272 1.0840957271933638 0.9027083404187715 0.7122515843054487 0.5127254588533963 0.3041299640626143 0.0864650999331027 0.0 0.0 0.0 0.0 0.0 0.0 0.0 0.0 0.0 0.0 0.0 0.0 0.0 0.0 0.0 0.0 0.0 0.0 0.0 0.0 0.0 0.0 0.0 0.0 0.0 
-1.1111111111110996 -1.1111111111110996 0.0 0.0 0.0 0.0 0.0 0.0 0.0 0.0 0.0 0.0 0.0 0.0 0.0 0.0 0.0 0.0 0.0 0.0 0.0 0.0 0.0 0.0 0.0 0.0 0.0 0.14088131596550557 0.35854618009501626 0.5671416748857969 0.7666678003378484 0.9571245564511699 1.1385119432257613 1.3108299606616232 1.4740786087587558 1.6282578875171585 1.7733677969368316 1.9094083370177752 2.0363795077599893 2.1542813091634736 2.2631137412282283 2.3628768039542534 2.4535704973415493 2.5351948213901148 2.6077497760999515 2.6712353614710582 2.7256515775034353 2.770998424197083 2.807275901552001 3.020712172227398 3.3472094684216547 3.5104581165187785 3.5104581165187696 3.347209468421627 3.020712172227352 2.8072759015519972 2.770998424197078 2.7256515775034296 2.6712353614710516 2.6077497760999435 2.5351948213901063 2.4535704973415395 2.3628768039542427 2.2631137412282163 2.1542813091634607 2.0363795077599756 1.9094083370177604 1.7733677969368158 1.6282578875171412 1.4740786087587376 1.3108299606616043 1.138511943225741 0.9571245564511486 0.7666678003378258 0.5671416748857734 0.3585461800949914 0.14088131596547981 0.0 0.0 0.0 0.0 0.0 0.0 0.0 0.0 0.0 0.0 0.0 0.0 0.0 0.0 0.0 0.0 0.0 0.0 0.0 0.0 0.0 0.0 0.0 0.0 0.0 
-0.9090909090908976 -0.9090909090908976 0.0 0.0 0.0 0.0 0.0 0.0 0.0 0.0 0.0 0.0 0.0 0.0 0.0 0.0 0.0 0.0 0.0 0.0 0.0 0.0 0.0 0.0 0.0 0.0 0.0 0.1862281626591531 0.4038930267886638 0.6124885215794444 0.812014647031496 1.0024714031448174 1.1838587899194088 1.3561768073552707 1.5194254554524034 1.673604734210806 1.818714643630479 1.9547551837114228 2.081726354453637 2.199628155857121 2.308460587921876 2.408223650647901 2.4989173440351964 2.5805416680837627 2.653096622793599 2.7165822081647057 2.770998424197083 2.8163452708907304 3.3472094684216636 3.8369554127130536 4.16345270890731 4.326701357004434 4.326701357004425 4.163452708907283 3.8369554127130074 3.3472094684215996 2.8163452708907255 2.770998424197077 2.716582208164699 2.653096622793591 2.580541668083754 2.4989173440351866 2.4082236506478902 2.308460587921864 2.1996281558571082 2.0817263544536226 1.9547551837114079 1.8187146436304633 1.6736047342107887 1.5194254554523852 1.3561768073552518 1.1838587899193884 1.002471403144796 0.8120146470314733 0.6124885215794209 0.4038930267886389 0.18622816265912734 0.0 0.0 0.0 0.0 0.0 0.0 0.0 0.0 0.0 0.0 0.0 0.0 0.0 0.0 0.0 0.0 0.0 0.0 0.0 0.0 0.0 0.0 0.0 0.0 0.0 
-0.7070707070706956 -0.7070707070706956 0.0 0.0 0.0 0.0 0.0 0.0 0.0 0.0 0.0 0.0 0.0 0.0 0.0 0.0 0.0 0.0 0.0 0.0 0.0 0.0 0.0 0.0 0.0 0.0 0.0 0.22250564001407103 0.4401705041435817 0.6487659989343624 0.8482921243864139 1.0387488804997353 1.2201362672743268 1.3924542847101886 1.5557029328073213 1.709882211565724 1.854992120985397 1.9910326610663407 2.118003831808555 2.235905633212039 2.3447380652767937 2.444501128002819 2.5351948213901148 2.61681914543868 2.689374100148517 2.7528596855196237 2.807275901552001 3.347209468421664 4.000204060810185 4.4899500051015755 4.816447301295832 4.979695949392956 4.979695949392947 4.8164473012958045 4.489950005101529 4.0002040608101215 3.3472094684215814 2.807275901551995 2.752859685519617 2.689374100148509 2.616819145438672 2.535194821390105 2.444501128002808 2.3447380652767817 2.235905633212026 2.118003831808541 1.9910326610663258 1.8549921209853812 1.7098822115657066 1.555702932807303 1.3924542847101697 1.2201362672743064 1.038748880499714 0.8482921243863912 0.6487659989343388 0.44017050414355685 0.22250564001404527 0.0 0.0 0.0 0.0 0.0 0.0 0.0 0.0 0.0 0.0 0.0 0.0 0.0 0.0 0.0 0.0 0.0 0.0 0.0 0.0 0.0 0.0 0.0 0.0 0.0 
-0.5050505050504936 -0.5050505050504936 0.0 0.0 0.0 0.0 0.0 0.0 0.0 0.0 0.0 0.0 0.0 0.0 0.0 0.0 0.0 0.0 0.0 0.0 0.0 0.0 0.0 0.0 0.0 0.0 0.022979514562019077 0.24971374803025936 0.46737861215977006 0.6759741069505507 0.8755002324026022 1.0659569885159237 1.2473443752905151 1.419662392726377 1.5829110408235096 1.7370903195819123 1.8822002290015853 2.018240769082529 2.145211939824743 2.2631137412282274 2.371946173292982 2.471709236019007 2.5624029294063027 2.644027253454869 2.7165822081647053 2.780067793535812 3.020712172227398 3.8369554127130536 4.4899500051015755 4.979695949392966 5.306193245587222 5.469441893684346 5.469441893684337 5.3061932455871945 4.979695949392919 4.4899500051015115 3.836955412712971 3.020712172227296 2.7800677935358054 2.7165822081646973 2.64402725345486 2.562402929406293 2.4717092360189965 2.37194617329297 2.2631137412282145 2.145211939824729 2.018240769082514 1.8822002290015696 1.737090319581895 1.5829110408234914 1.419662392726358 1.2473443752904947 1.0659569885159024 0.8755002324025796 0.6759741069505272 0.4673786121597452 0.2497137480302336 0.02297951456199243 0.0 0.0 0.0 0.0 0.0 0.0 0.0 0.0 0.0 0.0 0.0 0.0 0.0 0.0 0.0 0.0 0.0 0.0 0.0 0.0 0.0 0.0 0.0 0.0 
-0.30303030303029166 -0.30303030303029166 0.0 0.0 0.0 0.0 0.0 0.0 0.0 0.0 0.0 0.0 0.0 0.0 0.0 0.0 0.0 0.0 0.0 0.0 0.0 0.0 0.0 0.0 0.0 0.0 0.041118253239477376 0.26785248670771766 0.48551735083722836 0.694112845628009 0.8936389710800605 1.084095727193382 1.2654831139679734 1.4378011314038353 1.601049779500968 1.7552290582593706 1.9003389676790436 2.036379507759987 2.1633506785022014 2.2812524799056857 2.3900849119704404 2.4898479746964655 2.580541668083761 2.6621659921323273 2.7347209468421636 2.7982065322132703 3.3472094684216547 4.16345270890731 4.816447301295832 5.306193245587222 5.6326905417814785 5.795939189878602 5.7959391898785935 5.632690541781451 5.306193245587176 4.816447301295768 4.1634527089072275 3.347209468421553 2.7982065322132637 2.7347209468421556 2.6621659921323184 2.580541668083751 2.489847974696455 2.3900849119704284 2.281252479905673 2.163350678502187 2.0363795077599725 1.9003389676790279 1.7552290582593533 1.6010497795009497 1.4378011314038164 1.265483113967953 1.0840957271933607 0.8936389710800379 0.6941128456279855 0.4855173508372035 0.2678524867076919 0.04111825323945073 0.0 0.0 0.0 0.0 0.0 0.0 0.0 0.0 0.0 0.0 0.0 0.0 0.0 0.0 0.0 0.0 0.0 0.0 0.0 0.0 0.0 0.0 0.0 0.0 
-0.10101010101008964 -0.10101010101008964 0.0 0.0 0.0 0.0 0.0 0.0 0.0 0.0 0.0 0.0 0.0 0.0 0.0 0.0 0.0 0.0 0.0 0.0 0.0 0.0 0.0 0.0 0.0 0.0 0.050187622578206526 0.2769218560464468 0.4945867201759575 0.7031822149667382 0.9027083404187897 1.0931650965321111 1.2745524833067026 1.4468705007425644 1.610119148839697 1.7642984275980997 1.9094083370177728 2.0454488770987167 2.1724200478409306 2.290321849244415 2.3991542813091695 2.4989173440351946 2.5896110374224905 2.671235361471056 2.7437903161808928 2.8072759015519995 3.5104581165187785 4.326701357004434 4.979695949392956 5.469441893684346 5.795939189878602 5.959187837975726 5.959187837975717 5.795939189878575 5.4694418936843 4.979695949392892 4.326701357004351 3.510458116518677 2.807275901551993 2.7437903161808848 2.6712353614710476 2.5896110374224808 2.498917344035184 2.3991542813091575 2.290321849244402 2.172420047840917 2.0454488770987016 1.909408337017757 1.7642984275980824 1.6101191488396789 1.4468705007425455 1.2745524833066821 1.0931650965320898 0.902708340418767 0.7031822149667146 0.49458672017593264 0.27692185604642106 0.05018762257817988 0.0 0.0 0.0 0.0 0.0 0.0 0.0 0.0 0.0 0.0 0.0 0.0 0.0 0.0 0.0 0.0 0.0 0.0 0.0 0.0 0.0 0.0 0.0 0.0 
0.10101010101011237 0.10101010101011237 0.0 0.0 0.0 0.0 0.0 0.0 0.0 0.0 0.0 0.0 0.0 0.0 0.0 0.0 0.0 0.0 0.0 0.0 0.0 0.0 0.0 0.0 0.0 0.0 0.05018762257820608 0.27692185604644637 0.49458672017595706 0.7031822149667377 0.9027083404187892 1.0931650965321107 1.2745524833067021 1.446870500742564 1.6101191488396966 1.7642984275980993 1.9094083370177724 2.045448877098716 2.17242004784093 2.2903218492444144 2.399154281309169 2.498917344035194 2.5896110374224897 2.671235361471056 2.7437903161808923 2.807275901551999 3.510458116518769 4.326701357004425 4.979695949392947 5.469441893684337 5.7959391898785935 5.959187837975717 5.959187837975708 5.795939189878566 5.469441893684291 4.979695949392883 4.326701357004342 3.5104581165186675 2.8072759015519924 2.7437903161808843 2.671235361471047 2.58961103742248 2.4989173440351835 2.399154281309157 2.2903218492444015 2.172420047840916 2.045448877098701 1.9094083370177566 1.764298427598082 1.6101191488396784 1.446870500742545 1.2745524833066817 1.0931650965320894 0.9027083404187666 0.7031822149667142 0.4945867201759322 0.2769218560464206 0.050187622578179436 0.0 0.0 0.0 0.0 0.0 0.0 0.0 0.0 0.0 0.0 0.0 0.0 0.0 0.0 0.0 0.0 0.0 0.0 0.0 0.0 0.0 0.0 0.0 0.0 
0.3030303030303144 0.3030303030303144 0.0 0.0 0.0 0.0 0.0 0.0 0.0 0.0 0.0 0.0 0.0 0.0 0.0 0.0 0.0 0.0 0.0 0.0 0.0 0.0 0.0 0.0 0.0 0.0 0.041118253239476044 0.26785248670771633 0.485517350837227 0.6941128456280077 0.8936389710800592 1.0840957271933807 1.265483113967972 1.437801131403834 1.6010497795009666 1.7552290582593693 1.9003389676790423 2.036379507759986 2.1633506785022 2.2812524799056844 2.390084911970439 2.489847974696464 2.58054166808376 2.6621659921323255 2.7347209468421623 2.798206532213269 3.347209468421627 4.163452708907283 4.8164473012958045 5.3061932455871945 5.632690541781451 5.795939189878575 5.795939189878566 5.6326905417814235 5.306193245587148 4.8164473012957405 4.1634527089072 3.3472094684215254 2.7982065322132623 2.7347209468421543 2.662165992132317 2.5805416680837503 2.4898479746964535 2.390084911970427 2.2812524799056715 2.1633506785021863 2.036379507759971 1.9003389676790265 1.755229058259352 1.6010497795009484 1.437801131403815 1.2654831139679517 1.0840957271933593 0.8936389710800365 0.6941128456279841 0.48551735083720216 0.2678524867076906 0.0411182532394494 0.0 0.0 0.0 0.0 0.0 0.0 0.0 0.0 0.0 0.0 0.0 0.0 0.0 0.0 0.0 0.0 0.0 0.0 0.0 0.0 0.0 0.0 0.0 0.0 
0.5050505050505164 0.5050505050505164 0.0 0.0 0.0 0.0 0.0 0.0 0.0 0.0 0.0 0.0 0.0 0.0 0.0 0.0 0.0 0.0 0.0 0.0 0.0 0.0 0.0 0.0 0.0 0.0 0.022979514562016412 0.2497137480302567 0.4673786121597674 0.675974106950548 0.8755002324025996 1.065956988515921 1.2473443752905125 1.4196623927263743 1.582911040823507 1.7370903195819096 1.8822002290015827 2.018240769082526 2.1452119398247405 2.2631137412282247 2.3719461732929794 2.4717092360190045 2.5624029294063 2.6440272534548663 2.7165822081647026 2.7800677935358094 3.020712172227352 3.8369554127130074 4.489950005101529 4.979695949392919 5.306193245587176 5.4694418936843 5.469441893684291 5.306193245587148 4.979695949392873 4.489950005101465 3.836955412712925 3.0207121722272503 2.7800677935358027 2.7165822081646946 2.6440272534548575 2.56240292940629 2.471709236018994 2.3719461732929674 2.263113741228212 2.1452119398247262 2.0182407690825115 1.882200229001567 1.7370903195818923 1.5829110408234888 1.4196623927263554 1.247344375290492 1.0659569885158997 0.8755002324025769 0.6759741069505245 0.4673786121597425 0.24971374803023094 0.022979514561989767 0.0 0.0 0.0 0.0 0.0 0.0 0.0 0.0 0.0 0.0 0.0 0.0 0.0 0.0 0.0 0.0 0.0 0.0 0.0 0.0 0.0 0.0 0.0 0.0 
0.7070707070707184 0.7070707070707184 0.0 0.0 0.0 0.0 0.0 0.0 0.0 0.0 0.0 0.0 0.0 0.0 0.0 0.0 0.0 0.0 0.0 0.0 0.0 0.0 0.0 0.0 0.0 0.0 0.0 0.22250564001406747 0.44017050414357817 0.6487659989343588 0.8482921243864103 1.0387488804997318 1.2201362672743232 1.392454284710185 1.5557029328073178 1.7098822115657204 1.8549921209853935 1.9910326610663371 2.1180038318085512 2.2359056332120355 2.34473806527679 2.4445011280028153 2.535194821390111 2.6168191454386767 2.6893741001485134 2.75285968551962 2.8072759015519972 3.3472094684215996 4.0002040608101215 4.4899500051015115 4.816447301295768 4.979695949392892 4.979695949392883 4.8164473012957405 4.489950005101465 4.0002040608100575 3.347209468421517 2.8072759015519915 2.7528596855196135 2.6893741001485054 2.6168191454386682 2.5351948213901014 2.4445011280028046 2.344738065276778 2.2359056332120226 2.1180038318085375 1.9910326610663223 1.8549921209853777 1.709882211565703 1.5557029328072995 1.3924542847101662 1.2201362672743028 1.0387488804997105 0.8482921243863877 0.6487659989343353 0.4401705041435533 0.22250564001404172 0.0 0.0 0.0 0.0 0.0 0.0 0.0 0.0 0.0 0.0 0.0 0.0 0.0 0.0 0.0 0.0 0.0 0.0 0.0 0.0 0.0 0.0 0.0 0.0 0.0 
0.9090909090909204 0.9090909090909204 0.0 0.0 0.0 0.0 0.0 0.0 0.0 0.0 0.0 0.0 0.0 0.0 0.0 0.0 0.0 0.0 0.0 0.0 0.0 0.0 0.0 0.0 0.0 0.0 0.0 0.1862281626591482 0.4038930267886589 0.6124885215794396 0.8120146470314911 1.0024714031448125 1.183858789919404 1.3561768073552658 1.5194254554523985 1.6736047342108011 1.8187146436304742 1.9547551837114179 2.081726354453632 2.1996281558571162 2.308460587921871 2.408223650647896 2.498917344035192 2.5805416680837574 2.653096622793594 2.716582208164701 2.770998424197078 2.8163452708907255 3.3472094684215805 3.8369554127129706 4.1634527089072275 4.326701357004351 4.326701357004342 4.163452708907199 3.8369554127129244 3.3472094684215166 2.8163452708907206 2.770998424197072 2.716582208164694 2.653096622793586 2.580541668083749 2.498917344035182 2.4082236506478853 2.308460587921859 2.1996281558571034 2.081726354453618 1.954755183711403 1.8187146436304584 1.6736047342107838 1.5194254554523803 1.356176807355247 1.1838587899193835 1.0024714031447912 0.8120146470314684 0.612488521579416 0.40389302678863404 0.18622816265912245 0.0 0.0 0.0 0.0 0.0 0.0 0.0 0.0 0.0 0.0 0.0 0.0 0.0 0.0 0.0 0.0 0.0 0.0 0.0 0.0 0.0 0.0 0.0 0.0 0.0 
1.1111111111111225 1.1111111111111225 0.0 0.0 0.0 0.0 0.0 0.0 0.0 0.0 0.0 0.0 0.0 0.0 0.0 0.0 0.0 0.0 0.0 0.0 0.0 0.0 0.0 0.0 0.0 0.0 0.0 0.1408813159654998 0.3585461800950105 0.5671416748857911 0.7666678003378427 0.9571245564511641 1.1385119432257556 1.3108299606616174 1.47407860875875 1.6282578875171527 1.7733677969368258 1.9094083370177695 2.0363795077599836 2.154281309163468 2.2631137412282225 2.3628768039542476 2.453570497341543 2.5351948213901094 2.6077497760999457 2.6712353614710524 2.7256515775034296 2.770998424197077 2.807275901551995 3.0207121722272965 3.347209468421553 3.510458116518677 3.510458116518668 3.3472094684215254 3.0207121722272503 2.8072759015519915 2.770998424197072 2.725651577503424 2.671235361471046 2.6077497760999377 2.5351948213901006 2.4535704973415333 2.362876803954237 2.2631137412282105 2.154281309163455 2.0363795077599693 1.9094083370177546 1.77336779693681 1.6282578875171354 1.4740786087587319 1.3108299606615985 1.1385119432257351 0.9571245564511428 0.76666780033782 0.5671416748857676 0.3585461800949856 0.14088131596547404 0.0 0.0 0.0 0.0 0.0 0.0 0.0 0.0 0.0 0.0 0.0 0.0 0.0 0.0 0.0 0.0 0.0 0.0 0.0 0.0 0.0 0.0 0.0 0.0 0.0 
1.3131313131313245 1.3131313131313245 0.0 0.0 0.0 0.0 0.0 0.0 0.0 0.0 0.0 0.0 0.0 0.0 0.0 0.0 0.0 0.0 0.0 0.0 0.0 0.0 0.0 0.0 0.0 0.0 0.0 0.08646509993312179 0.3041299640626325 0.5127254588534131 0.7122515843054646 0.9027083404187861 1.0840957271933775 1.2564137446292394 1.419662392726372 1.5738416714847747 1.7189515809044478 1.8549921209853915 1.9819632917276055 2.09986509313109 2.2086975251958445 2.3084605879218696 2.3991542813091655 2.480778605357731 2.5533335600675677 2.6168191454386744 2.6712353614710516 2.716582208164699 2.752859685519617 2.7800677935358054 2.7982065322132637 2.807275901551993 2.8072759015519924 2.7982065322132623 2.7800677935358027 2.7528596855196135 2.716582208164694 2.671235361471046 2.616819145438668 2.5533335600675597 2.4807786053577225 2.3991542813091558 2.308460587921859 2.2086975251958325 2.099865093131077 1.9819632917275916 1.8549921209853766 1.718951580904432 1.5738416714847574 1.4196623927263539 1.2564137446292205 1.0840957271933571 0.9027083404187648 0.712251584305442 0.5127254588533896 0.3041299640626076 0.08646509993309603 0.0 0.0 0.0 0.0 0.0 0.0 0.0 0.0 0.0 0.0 0.0 0.0 0.0 0.0 0.0 0.0 0.0 0.0 0.0 0.0 0.0 0.0 0.0 0.0 0.0 
1.5151515151515265 1.5151515151515265 0.0 0.0 0.0 0.0 0.0 0.0 0.0 0.0 0.0 0.0 0.0 0.0 0.0 0.0 0.0 0.0 0.0 0.0 0.0 0.0 0.0 0.0 0.0 0.0 0.0 0.022979514562013748 0.24064437869152444 0.4492398734823051 0.6487659989343566 0.8392227550476781 1.0206101418222695 1.1929281592581313 1.356176807355264 1.5103560861136667 1.6554659955333397 1.7915065356142834 1.9184777063564975 2.0363795077599818 2.1452119398247365 2.2449750025507615 2.3356686959380575 2.417293019986623 2.4898479746964597 2.5533335600675664 2.6077497760999435 2.653096622793591 2.689374100148509 2.7165822081646973 2.7347209468421556 2.7437903161808848 2.7437903161808843 2.7347209468421543 2.7165822081646946 2.6893741001485054 2.653096622793586 2.6077497760999377 2.5533335600675597 2.4898479746964517 2.4172930199866145 2.3356686959380477 2.244975002550751 2.1452119398247245 2.036379507759969 1.9184777063564835 1.7915065356142685 1.655465995533324 1.5103560861136494 1.3561768073552458 1.1929281592581125 1.020610141822249 0.8392227550476568 0.648765998934334 0.44923987348228156 0.24064437869149957 0.02297951456198799 0.0 0.0 0.0 0.0 0.0 0.0 0.0 0.0 0.0 0.0 0.0 0.0 0.0 0.0 0.0 0.0 0.0 0.0 0.0 0.0 0.0 0.0 0.0 0.0 0.0 
1.7171717171717285 1.7171717171717285 0.0 0.0 0.0 0.0 0.0 0.0 0.0 0.0 0.0 0.0 0.0 0.0 0.0 0.0 0.0 0.0 0.0 0.0 0.0 0.0 0.0 0.0 0.0 0.0 0.0 0.0 0.16808942398168725 0.3766849187724679 0.5762110442245194 0.7666678003378409 0.9480551871124323 1.1203732045482941 1.2836218526454268 1.4378011314038295 1.5829110408235025 1.7189515809044462 1.8459227516466603 1.9638245530501446 2.0726569851148993 2.1724200478409244 2.26311374122822 2.344738065276786 2.4172930199866225 2.480778605357729 2.5351948213901063 2.580541668083754 2.616819145438672 2.64402725345486 2.6621659921323184 2.6712353614710476 2.671235361471047 2.662165992132317 2.6440272534548575 2.6168191454386682 2.580541668083749 2.5351948213901006 2.4807786053577225 2.4172930199866145 2.3447380652767773 2.26311374122821 2.1724200478409137 2.0726569851148873 1.9638245530501317 1.8459227516466463 1.7189515809044313 1.5829110408234868 1.4378011314038122 1.2836218526454086 1.1203732045482753 0.9480551871124119 0.7666678003378196 0.5762110442244968 0.37668491877244437 0.16808942398166238 0.0 0.0 0.0 0.0 0.0 0.0 0.0 0.0 0.0 0.0 0.0 0.0 0.0 0.0 0.0 0.0 0.0 0.0 0.0 0.0 0.0 0.0 0.0 0.0 0.0 0.0 
1.9191919191919304 1.9191919191919304 0.0 0.0 0.0 0.0 0.0 0.0 0.0 0.0 0.0 0.0 0.0 0.0 0.0 0.0 0.0 0.0 0.0 0.0 0.0 0.0 0.0 0.0 0.0 0.0 0.0 0.0 0.08646509993312002 0.29506059472390067 0.4945867201759522 0.6850434762892736 0.8664308630638651 1.038748880499727 1.2019975285968596 1.3561768073552622 1.5012867167749353 1.637327256855879 1.764298427598093 1.8822002290015774 1.991032661066332 2.090795723792357 2.1814894171796526 2.263113741228219 2.3356686959380553 2.399154281309162 2.453570497341539 2.4989173440351866 2.5351948213901045 2.562402929406293 2.580541668083751 2.5896110374224803 2.58961103742248 2.58054166808375 2.56240292940629 2.535194821390101 2.4989173440351817 2.4535704973415333 2.3991542813091553 2.3356686959380473 2.26311374122821 2.181489417179643 2.0907957237923465 1.99103266106632 1.8822002290015645 1.764298427598079 1.637327256855864 1.5012867167749195 1.356176807355245 1.2019975285968414 1.038748880499708 0.8664308630638446 0.6850434762892523 0.49458672017592953 0.29506059472387713 0.08646509993309515 0.0 0.0 0.0 0.0 0.0 0.0 0.0 0.0 0.0 0.0 0.0 0.0 0.0 0.0 0.0 0.0 0.0 0.0 0.0 0.0 0.0 0.0 0.0 0.0 0.0 0.0 
2.1212121212121327 2.1212121212121327 0.0 0.0 0.0 0.0 0.0 0.0 0.0 0.0 0.0 0.0 0.0 0.0 0.0 0.0 0.0 0.0 0.0 0.0 0.0 0.0 0.0 0.0 0.0 0.0 0.0 0.0 0.0 0.2043669013366043 0.4038930267886558 0.5943497829019773 0.7757371696765687 0.9480551871124305 1.1113038352095632 1.2654831139679659 1.410593023387639 1.5466335634685826 1.6736047342107967 1.791506535614281 1.9003389676790357 2.0001020304050607 2.0907957237923567 2.172420047840922 2.244975002550759 2.3084605879218656 2.3628768039542427 2.4082236506478902 2.444501128002808 2.4717092360189965 2.489847974696455 2.498917344035184 2.4989173440351835 2.4898479746964535 2.471709236018994 2.4445011280028046 2.4082236506478853 2.362876803954237 2.308460587921859 2.244975002550751 2.1724200478409137 2.090795723792347 2.00010203040505 1.9003389676790237 1.791506535614268 1.6736047342107827 1.5466335634685677 1.4105930233876232 1.2654831139679485 1.111303835209545 0.9480551871124117 0.7757371696765483 0.594349782901956 0.40389302678863315 0.20436690133658075 0.0 0.0 0.0 0.0 0.0 0.0 0.0 0.0 0.0 0.0 0.0 0.0 0.0 0.0 0.0 0.0 0.0 0.0 0.0 0.0 0.0 0.0 0.0 0.0 0.0 0.0 0.0 
2.3232323232323346 2.3232323232323346 0.0 0.0 0.0 0.0 0.0 0.0 0.0 0.0 0.0 0.0 0.0 0.0 0.0 0.0 0.0 0.0 0.0 0.0 0.0 0.0 0.0 0.0 0.0 0.0 0.0 0.0 0.0 0.10460383861057787 0.3041299640626294 0.49458672017595084 0.6759741069505423 0.8482921243864041 1.0115407724835368 1.1657200512419394 1.3108299606616125 1.4468705007425562 1.5738416714847703 1.6917434728882546 1.8005759049530092 1.9003389676790345 1.99103266106633 2.0726569851148957 2.1452119398247325 2.208697525195839 2.2631137412282163 2.308460587921864 2.3447380652767817 2.37194617329297 2.3900849119704284 2.3991542813091575 2.399154281309157 2.390084911970427 2.3719461732929674 2.344738065276778 2.308460587921859 2.2631137412282105 2.2086975251958325 2.1452119398247245 2.0726569851148873 1.9910326610663203 1.9003389676790237 1.8005759049529972 1.6917434728882417 1.5738416714847563 1.4468705007425413 1.3108299606615967 1.1657200512419221 1.0115407724835186 0.8482921243863852 0.6759741069505218 0.49458672017592953 0.30412996406260673 0.10460383861055433 0.0 0.0 0.0 0.0 0.0 0.0 0.0 0.0 0.0 0.0 0.0 0.0 0.0 0.0 0.0 0.0 0.0 0.0 0.0 0.0 0.0 0.0 0.0 0.0 0.0 0.0 0.0 
2.5252525252525366 2.5252525252525366 0.0 0.0 0.0 0.0 0.0 0.0 0.0 0.0 0.0 0.0 0.0 0.0 0.0 0.0 0.0 0.0 0.0 0.0 0.0 0.0 0.0 0.0 0.0 0.0 0.0 0.0 0.0 0.0 0.1952975319978738 0.3857542881111953 0.5671416748857867 0.7394596923216485 0.9027083404187812 1.0568876191771839 1.201997528596857 1.3380380686778006 1.4650092394200147 1.582911040823499 1.6917434728882537 1.791506535614279 1.8822002290015745 1.9638245530501404 2.036379507759977 2.0998650931310836 2.1542813091634607 2.1996281558571082 2.235905633212026 2.2631137412282145 2.281252479905673 2.290321849244402 2.2903218492444015 2.2812524799056715 2.263113741228212 2.2359056332120226 2.1996281558571034 2.154281309163455 2.099865093131077 2.036379507759969 1.9638245530501317 1.8822002290015647 1.791506535614268 1.6917434728882417 1.582911040823486 1.4650092394200007 1.3380380686777857 1.2019975285968412 1.0568876191771666 0.902708340418763 0.7394596923216297 0.5671416748857663 0.38575428811117396 0.19529753199785116 0.0 0.0 0.0 0.0 0.0 0.0 0.0 0.0 0.0 0.0 0.0 0.0 0.0 0.0 0.0 0.0 0.0 0.0 0.0 0.0 0.0 0.0 0.0 0.0 0.0 0.0 0.0 0.0 
2.7272727272727386 2.7272727272727386 0.0 0.0 0.0 0.0 0.0 0.0 0.0 0.0 0.0 0.0 0.0 0.0 0.0 0.0 0.0 0.0 0.0 0.0 0.0 0.0 0.0 0.0 0.0 0.0 0.0 0.0 0.0 0.0 0.0773957305943882 0.26785248670770967 0.4492398734823011 0.6215578909181629 0.7848065390152956 0.9389858177736983 1.0840957271933713 1.220136267274315 1.347107438016529 1.4650092394200134 1.573841671484768 1.6736047342107934 1.7642984275980889 1.8459227516466548 1.918477706356491 1.9819632917275978 2.036379507759975 2.0817263544536226 2.1180038318085406 2.145211939824729 2.163350678502187 2.1724200478409164 2.172420047840916 2.163350678502186 2.1452119398247262 2.118003831808537 2.0817263544536178 2.0363795077599693 1.9819632917275911 1.9184777063564833 1.845922751646646 1.764298427598079 1.6736047342107825 1.573841671484756 1.4650092394200005 1.3471074380165151 1.2201362672743001 1.0840957271933556 0.938985817773681 0.7848065390152774 0.6215578909181441 0.44923987348228067 0.26785248670768835 0.07739573059436555 0.0 0.0 0.0 0.0 0.0 0.0 0.0 0.0 0.0 0.0 0.0 0.0 0.0 0.0 0.0 0.0 0.0 0.0 0.0 0.0 0.0 0.0 0.0 0.0 0.0 0.0 0.0 0.0 
2.9292929292929406 2.9292929292929406 0.0 0.0 0.0 0.0 0.0 0.0 0.0 0.0 0.0 0.0 0.0 0.0 0.0 0.0 0.0 0.0 0.0 0.0 0.0 0.0 0.0 0.0 0.0 0.0 0.0 0.0 0.0 0.0 0.0 0.1408813159654949 0.32226870274008634 0.4945867201759482 0.6578353682730809 0.8120146470314835 0.9571245564511566 1.0931650965321003 1.2201362672743143 1.3380380686777986 1.4468705007425533 1.5466335634685786 1.637327256855874 1.71895158090444 1.7915065356142763 1.854992120985383 1.9094083370177601 1.9547551837114077 1.9910326610663256 2.018240769082514 2.0363795077599725 2.0454488770987016 2.045448877098701 2.036379507759971 2.0182407690825115 1.991032661066322 1.954755183711403 1.9094083370177546 1.8549921209853764 1.7915065356142685 1.7189515809044313 1.6373272568558643 1.5466335634685677 1.4468705007425413 1.3380380686777857 1.2201362672743004 1.0931650965320854 0.9571245564511408 0.8120146470314662 0.6578353682730627 0.4945867201759293 0.3222687027400659 0.1408813159654736 0.0 0.0 0.0 0.0 0.0 0.0 0.0 0.0 0.0 0.0 0.0 0.0 0.0 0.0 0.0 0.0 0.0 0.0 0.0 0.0 0.0 0.0 0.0 0.0 0.0 0.0 0.0 0.0 0.0 
3.1313131313131426 3.1313131313131426 0.0 0.0 0.0 0.0 0.0 0.0 0.0 0.0 0.0 0.0 0.0 0.0 0.0 0.0 0.0 0.0 0.0 0.0 0.0 0.0 0.0 0.0 0.0 0.0 0.0 0.0 0.0 0.0 0.0 0.004840775884550341 0.18622816265914177 0.3585461800950036 0.5217948281921363 0.6759741069505389 0.821084016370212 0.9571245564511557 1.0840957271933696 1.2019975285968543 1.3108299606616087 1.410593023387634 1.5012867167749295 1.5829110408234954 1.6554659955333317 1.7189515809044384 1.7733677969368156 1.818714643630463 1.854992120985381 1.8822002290015694 1.900338967679028 1.9094083370177573 1.9094083370177566 1.9003389676790265 1.882200229001567 1.8549921209853775 1.8187146436304586 1.77336779693681 1.7189515809044318 1.655465995533324 1.5829110408234868 1.5012867167749198 1.4105930233876232 1.310829960661597 1.201997528596841 1.0840957271933558 0.9571245564511407 0.8210840163701962 0.6759741069505216 0.5217948281921181 0.35854618009498473 0.18622816265912134 0.004840775884529025 0.0 0.0 0.0 0.0 0.0 0.0 0.0 0.0 0.0 0.0 0.0 0.0 0.0 0.0 0.0 0.0 0.0 0.0 0.0 0.0 0.0 0.0 0.0 0.0 0.0 0.0 0.0 0.0 0.0 
3.3333333333333446 3.3333333333333446 0.0 0.0 0.0 0.0 0.0 0.0 0.0 0.0 0.0 0.0 0.0 0.0 0.0 0.0 0.0 0.0 0.0 0.0 0.0 0.0 0.0 0.0 0.0 0.0 0.0 0.0 0.0 0.0 0.0 0.0 0.04111825323946716 0.213436270675329 0.3766849187724617 0.5308641975308643 0.6759741069505374 0.8120146470314811 0.938985817773695 1.0568876191771794 1.1657200512419341 1.2654831139679594 1.356176807355255 1.4378011314038208 1.5103560861136571 1.5738416714847638 1.628257887517141 1.6736047342107885 1.7098822115657064 1.7370903195818947 1.7552290582593535 1.7642984275980826 1.764298427598082 1.755229058259352 1.7370903195818923 1.7098822115657029 1.6736047342107838 1.6282578875171354 1.5738416714847572 1.5103560861136494 1.4378011314038122 1.3561768073552452 1.2654831139679485 1.1657200512419221 1.0568876191771666 0.9389858177736812 0.8120146470314661 0.6759741069505216 0.530864197530847 0.3766849187724435 0.21343627067531012 0.041118253239446734 0.0 0.0 0.0 0.0 0.0 0.0 0.0 0.0 0.0 0.0 0.0 0.0 0.0 0.0 0.0 0.0 0.0 0.0 0.0 0.0 0.0 0.0 0.0 0.0 0.0 0.0 0.0 0.0 0.0 0.0 
3.5353535353535466 3.5353535353535466 0.0 0.0 0.0 0.0 0.0 0.0 0.0 0.0 0.0 0.0 0.0 0.0 0.0 0.0 0.0 0.0 0.0 0.0 0.0 0.0 0.0 0.0 0.0 0.0 0.0 0.0 0.0 0.0 0.0 0.0 0.0 0.05925699191692546 0.22250564001405815 0.3766849187724608 0.5217948281921339 0.6578353682730775 0.7848065390152915 0.902708340418776 1.0115407724835306 1.111303835209556 1.2019975285968514 1.2836218526454173 1.3561768073552536 1.4196623927263603 1.4740786087587374 1.519425455452385 1.5557029328073029 1.5829110408234912 1.60104977950095 1.610119148839679 1.6101191488396784 1.6010497795009484 1.5829110408234888 1.5557029328072993 1.5194254554523803 1.4740786087587319 1.4196623927263536 1.3561768073552458 1.2836218526454086 1.2019975285968416 1.111303835209545 1.0115407724835186 0.9027083404187629 0.7848065390152776 0.6578353682730625 0.5217948281921181 0.3766849187724435 0.22250564001403994 0.05925699191690659 0.0 0.0 0.0 0.0 0.0 0.0 0.0 0.0 0.0 0.0 0.0 0.0 0.0 0.0 0.0 0.0 0.0 0.0 0.0 0.0 0.0 0.0 0.0 0.0 0.0 0.0 0.0 0.0 0.0 0.0 0.0 
3.7373737373737486 3.7373737373737486 0.0 0.0 0.0 0.0 0.0 0.0 0.0 0.0 0.0 0.0 0.0 0.0 0.0 0.0 0.0 0.0 0.0 0.0 0.0 0.0 0.0 0.0 0.0 0.0 0.0 0.0 0.0 0.0 0.0 0.0 0.0 0.0 0.059256991916924795 0.21343627067532744 0.3585461800950005 0.4945867201759442 0.6215578909181582 0.7394596923216427 0.8482921243863972 0.9480551871124225 1.038748880499718 1.120373204548284 1.1929281592581202 1.256413744629227 1.310829960661604 1.3561768073552516 1.3924542847101695 1.4196623927263579 1.4378011314038166 1.4468705007425458 1.446870500742545 1.437801131403815 1.4196623927263554 1.392454284710166 1.3561768073552471 1.3108299606615985 1.2564137446292203 1.1929281592581125 1.1203732045482753 1.0387488804997083 0.9480551871124117 0.8482921243863853 0.7394596923216296 0.6215578909181443 0.4945867201759292 0.35854618009498473 0.21343627067531012 0.05925699191690659 0.0 0.0 0.0 0.0 0.0 0.0 0.0 0.0 0.0 0.0 0.0 0.0 0.0 0.0 0.0 0.0 0.0 0.0 0.0 0.0 0.0 0.0 0.0 0.0 0.0 0.0 0.0 0.0 0.0 0.0 0.0 0.0 
3.9393939393939505 3.9393939393939505 0.0 0.0 0.0 0.0 0.0 0.0 0.0 0.0 0.0 0.0 0.0 0.0 0.0 0.0 0.0 0.0 0.0 0.0 0.0 0.0 0.0 0.0 0.0 0.0 0.0 0.0 0.0 0.0 0.0 0.0 0.0 0.0 0.0 0.04111825323946405 0.1862281626591371 0.3222687027400808 0.44923987348229477 0.5671416748857793 0.6759741069505338 0.7757371696765591 0.8664308630638546 0.9480551871124205 1.0206101418222568 1.0840957271933636 1.1385119432257407 1.1838587899193882 1.2201362672743061 1.2473443752904945 1.2654831139679532 1.2745524833066824 1.2745524833066817 1.2654831139679517 1.247344375290492 1.2201362672743026 1.1838587899193835 1.1385119432257351 1.084095727193357 1.020610141822249 0.9480551871124119 0.8664308630638449 0.7757371696765483 0.675974106950522 0.5671416748857662 0.4492398734822809 0.3222687027400658 0.18622816265912134 0.041118253239446734 0.0 0.0 0.0 0.0 0.0 0.0 0.0 0.0 0.0 0.0 0.0 0.0 0.0 0.0 0.0 0.0 0.0 0.0 0.0 0.0 0.0 0.0 0.0 0.0 0.0 0.0 0.0 0.0 0.0 0.0 0.0 0.0 0.0 
4.1414141414141525 4.1414141414141525 0.0 0.0 0.0 0.0 0.0 0.0 0.0 0.0 0.0 0.0 0.0 0.0 0.0 0.0 0.0 0.0 0.0 0.0 0.0 0.0 0.0 0.0 0.0 0.0 0.0 0.0 0.0 0.0 0.0 0.0 0.0 0.0 0.0 0.0 0.00484077588454479 0.14088131596548847 0.26785248670770245 0.38575428811118695 0.4945867201759415 0.5943497829019668 0.6850434762892623 0.7666678003378282 0.8392227550476645 0.9027083404187712 0.9571245564511485 1.0024714031447959 1.0387488804997138 1.0659569885159021 1.084095727193361 1.09316509653209 1.0931650965320894 1.0840957271933593 1.0659569885158997 1.0387488804997103 1.0024714031447912 0.9571245564511428 0.9027083404187646 0.8392227550476568 0.7666678003378196 0.6850434762892526 0.594349782901956 0.49458672017592964 0.38575428811117385 0.2678524867076886 0.14088131596547349 0.004840775884529025 0.0 0.0 0.0 0.0 0.0 0.0 0.0 0.0 0.0 0.0 0.0 0.0 0.0 0.0 0.0 0.0 0.0 0.0 0.0 0.0 0.0 0.0 0.0 0.0 0.0 0.0 0.0 0.0 0.0 0.0 0.0 0.0 0.0 0.0 
4.343434343434355 4.343434343434355 0.0 0.0 0.0 0.0 0.0 0.0 0.0 0.0 0.0 0.0 0.0 0.0 0.0 0.0 0.0 0.0 0.0 0.0 0.0 0.0 0.0 0.0 0.0 0.0 0.0 0.0 0.0 0.0 0.0 0.0 0.0 0.0 0.0 0.0 0.0 0.0 0.07739573059437965 0.19529753199786415 0.3041299640626187 0.40389302678864397 0.4945867201759395 0.5762110442245054 0.6487659989343417 0.7122515843054484 0.7666678003378257 0.8120146470314731 0.848292124386391 0.8755002324025793 0.8936389710800381 0.9027083404187671 0.9027083404187667 0.8936389710800365 0.8755002324025768 0.8482921243863875 0.8120146470314685 0.76666780033782 0.7122515843054418 0.648765998934334 0.5762110442244968 0.49458672017592975 0.40389302678863315 0.30412996406260684 0.19529753199785105 0.07739573059436577 0.0 0.0 0.0 0.0 0.0 0.0 0.0 0.0 0.0 0.0 0.0 0.0 0.0 0.0 0.0 0.0 0.0 0.0 0.0 0.0 0.0 0.0 0.0 0.0 0.0 0.0 0.0 0.0 0.0 0.0 0.0 0.0 0.0 0.0 0.0 0.0 
4.545454545454557 4.545454545454557 0.0 0.0 0.0 0.0 0.0 0.0 0.0 0.0 0.0 0.0 0.0 0.0 0.0 0.0 0.0 0.0 0.0 0.0 0.0 0.0 0.0 0.0 0.0 0.0 0.0 0.0 0.0 0.0 0.0 0.0 0.0 0.0 0.0 0.0 0.0 0.0 0.0 0.0 0.10460383861056632 0.20436690133659158 0.2950605947238871 0.376684918772453 0.4492398734822894 0.512725458853396 0.5671416748857733 0.6124885215794207 0.6487659989343386 0.675974106950527 0.6941128456279857 0.7031822149667147 0.7031822149667143 0.6941128456279841 0.6759741069505244 0.6487659989343351 0.6124885215794161 0.5671416748857676 0.5127254588533894 0.4492398734822816 0.37668491877244437 0.29506059472387736 0.20436690133658075 0.10460383861055444 0.0 0.0 0.0 0.0 0.0 0.0 0.0 0.0 0.0 0.0 0.0 0.0 0.0 0.0 0.0 0.0 0.0 0.0 0.0 0.0 0.0 0.0 0.0 0.0 0.0 0.0 0.0 0.0 0.0 0.0 0.0 0.0 0.0 0.0 0.0 0.0 0.0 0.0 
4.74747474747476 4.74747474747476 0.0 0.0 0.0 0.0 0.0 0.0 0.0 0.0 0.0 0.0 0.0 0.0 0.0 0.0 0.0 0.0 0.0 0.0 0.0 0.0 0.0 0.0 0.0 0.0 0.0 0.0 0.0 0.0 0.0 0.0 0.0 0.0 0.0 0.0 0.0 0.0 0.0 0.0 0.0 0.0 0.08646509993310514 0.16808942398167104 0.2406443786915074 0.3041299640626141 0.3585461800949913 0.40389302678863875 0.4401705041435567 0.46737861215974497 0.4855173508372037 0.4945867201759328 0.49458672017593225 0.48551735083720216 0.4673786121597424 0.4401705041435531 0.40389302678863415 0.35854618009498557 0.30412996406260745 0.24064437869149963 0.16808942398166238 0.08646509993309537 0.0 0.0 0.0 0.0 0.0 0.0 0.0 0.0 0.0 0.0 0.0 0.0 0.0 0.0 0.0 0.0 0.0 0.0 0.0 0.0 0.0 0.0 0.0 0.0 0.0 0.0 0.0 0.0 0.0 0.0 0.0 0.0 0.0 0.0 0.0 0.0 0.0 0.0 0.0 0.0 
4.949494949494962 4.949494949494962 0.0 0.0 0.0 0.0 0.0 0.0 0.0 0.0 0.0 0.0 0.0 0.0 0.0 0.0 0.0 0.0 0.0 0.0 0.0 0.0 0.0 0.0 0.0 0.0 0.0 0.0 0.0 0.0 0.0 0.0 0.0 0.0 0.0 0.0 0.0 0.0 0.0 0.0 0.0 0.0 0.0 0.0 0.022979514561995817 0.08646509993310253 0.14088131596547968 0.18622816265912717 0.2225056400140451 0.24971374803023338 0.26785248670769213 0.2769218560464212 0.27692185604642067 0.2678524867076906 0.24971374803023083 0.2225056400140415 0.18622816265912256 0.14088131596547399 0.08646509993309587 0.022979514561988046 0.0 0.0 0.0 0.0 0.0 0.0 0.0 0.0 0.0 0.0 0.0 0.0 0.0 0.0 0.0 0.0 0.0 0.0 0.0 0.0 0.0 0.0 0.0 0.0 0.0 0.0 0.0 0.0 0.0 0.0 0.0 0.0 0.0 0.0 0.0 0.0 0.0 0.0 0.0 0.0 0.0 0.0 
5.151515151515165 5.151515151515165 0.0 0.0 0.0 0.0 0.0 0.0 0.0 0.0 0.0 0.0 0.0 0.0 0.0 0.0 0.0 0.0 0.0 0.0 0.0 0.0 0.0 0.0 0.0 0.0 0.0 0.0 0.0 0.0 0.0 0.0 0.0 0.0 0.0 0.0 0.0 0.0 0.0 0.0 0.0 0.0 0.0 0.0 0.0 0.0 0.0 0.0 0.0 0.02297951456199222 0.041118253239450925 0.05018762257818002 0.05018762257817951 0.04111825323944939 0.02297951456198967 0.0 0.0 0.0 0.0 0.0 0.0 0.0 0.0 0.0 0.0 0.0 0.0 0.0 0.0 0.0 0.0 0.0 0.0 0.0 0.0 0.0 0.0 0.0 0.0 0.0 0.0 0.0 0.0 0.0 0.0 0.0 0.0 0.0 0.0 0.0 0.0 0.0 0.0 0.0 0.0 0.0 0.0 0.0 0.0 0.0 0.0 0.0 
5.353535353535367 5.353535353535367 0.0 0.0 0.0 0.0 0.0 0.0 0.0 0.0 0.0 0.0 0.0 0.0 0.0 0.0 0.0 0.0 0.0 0.0 0.0 0.0 0.0 0.0 0.0 0.0 0.0 0.0 0.0 0.0 0.0 0.0 0.0 0.0 0.0 0.0 0.0 0.0 0.0 0.0 0.0 0.0 0.0 0.0 0.0 0.0 0.0 0.0 0.0 0.0 0.0 0.0 0.0 0.0 0.0 0.0 0.0 0.0 0.0 0.0 0.0 0.0 0.0 0.0 0.0 0.0 0.0 0.0 0.0 0.0 0.0 0.0 0.0 0.0 0.0 0.0 0.0 0.0 0.0 0.0 0.0 0.0 0.0 0.0 0.0 0.0 0.0 0.0 0.0 0.0 0.0 0.0 0.0 0.0 0.0 0.0 0.0 0.0 0.0 0.0 0.0 0.0 
5.55555555555557 5.55555555555557 0.0 0.0 0.0 0.0 0.0 0.0 0.0 0.0 0.0 0.0 0.0 0.0 0.0 0.0 0.0 0.0 0.0 0.0 0.0 0.0 0.0 0.0 0.0 0.0 0.0 0.0 0.0 0.0 0.0 0.0 0.0 0.0 0.0 0.0 0.0 0.0 0.0 0.0 0.0 0.0 0.0 0.0 0.0 0.0 0.0 0.0 0.0 0.0 0.0 0.0 0.0 0.0 0.0 0.0 0.0 0.0 0.0 0.0 0.0 0.0 0.0 0.0 0.0 0.0 0.0 0.0 0.0 0.0 0.0 0.0 0.0 0.0 0.0 0.0 0.0 0.0 0.0 0.0 0.0 0.0 0.0 0.0 0.0 0.0 0.0 0.0 0.0 0.0 0.0 0.0 0.0 0.0 0.0 0.0 0.0 0.0 0.0 0.0 0.0 0.0 
5.757575757575772 5.757575757575772 0.0 0.0 0.0 0.0 0.0 0.0 0.0 0.0 0.0 0.0 0.0 0.0 0.0 0.0 0.0 0.0 0.0 0.0 0.0 0.0 0.0 0.0 0.0 0.0 0.0 0.0 0.0 0.0 0.0 0.0 0.0 0.0 0.0 0.0 0.0 0.0 0.0 0.0 0.0 0.0 0.0 0.0 0.0 0.0 0.0 0.0 0.0 0.0 0.0 0.0 0.0 0.0 0.0 0.0 0.0 0.0 0.0 0.0 0.0 0.0 0.0 0.0 0.0 0.0 0.0 0.0 0.0 0.0 0.0 0.0 0.0 0.0 0.0 0.0 0.0 0.0 0.0 0.0 0.0 0.0 0.0 0.0 0.0 0.0 0.0 0.0 0.0 0.0 0.0 0.0 0.0 0.0 0.0 0.0 0.0 0.0 0.0 0.0 0.0 0.0 
5.959595959595974 5.959595959595974 0.0 0.0 0.0 0.0 0.0 0.0 0.0 0.0 0.0 0.0 0.0 0.0 0.0 0.0 0.0 0.0 0.0 0.0 0.0 0.0 0.0 0.0 0.0 0.0 0.0 0.0 0.0 0.0 0.0 0.0 0.0 0.0 0.0 0.0 0.0 0.0 0.0 0.0 0.0 0.0 0.0 0.0 0.0 0.0 0.0 0.0 0.0 0.0 0.0 0.0 0.0 0.0 0.0 0.0 0.0 0.0 0.0 0.0 0.0 0.0 0.0 0.0 0.0 0.0 0.0 0.0 0.0 0.0 0.0 0.0 0.0 0.0 0.0 0.0 0.0 0.0 0.0 0.0 0.0 0.0 0.0 0.0 0.0 0.0 0.0 0.0 0.0 0.0 0.0 0.0 0.0 0.0 0.0 0.0 0.0 0.0 0.0 0.0 0.0 0.0 
6.161616161616177 6.161616161616177 0.0 0.0 0.0 0.0 0.0 0.0 0.0 0.0 0.0 0.0 0.0 0.0 0.0 0.0 0.0 0.0 0.0 0.0 0.0 0.0 0.0 0.0 0.0 0.0 0.0 0.0 0.0 0.0 0.0 0.0 0.0 0.0 0.0 0.0 0.0 0.0 0.0 0.0 0.0 0.0 0.0 0.0 0.0 0.0 0.0 0.0 0.0 0.0 0.0 0.0 0.0 0.0 0.0 0.0 0.0 0.0 0.0 0.0 0.0 0.0 0.0 0.0 0.0 0.0 0.0 0.0 0.0 0.0 0.0 0.0 0.0 0.0 0.0 0.0 0.0 0.0 0.0 0.0 0.0 0.0 0.0 0.0 0.0 0.0 0.0 0.0 0.0 0.0 0.0 0.0 0.0 0.0 0.0 0.0 0.0 0.0 0.0 0.0 0.0 0.0 
6.363636363636379 6.363636363636379 0.0 0.0 0.0 0.0 0.0 0.0 0.0 0.0 0.0 0.0 0.0 0.0 0.0 0.0 0.0 0.0 0.0 0.0 0.0 0.0 0.0 0.0 0.0 0.0 0.0 0.0 0.0 0.0 0.0 0.0 0.0 0.0 0.0 0.0 0.0 0.0 0.0 0.0 0.0 0.0 0.0 0.0 0.0 0.0 0.0 0.0 0.0 0.0 0.0 0.0 0.0 0.0 0.0 0.0 0.0 0.0 0.0 0.0 0.0 0.0 0.0 0.0 0.0 0.0 0.0 0.0 0.0 0.0 0.0 0.0 0.0 0.0 0.0 0.0 0.0 0.0 0.0 0.0 0.0 0.0 0.0 0.0 0.0 0.0 0.0 0.0 0.0 0.0 0.0 0.0 0.0 0.0 0.0 0.0 0.0 0.0 0.0 0.0 0.0 0.0 
6.565656565656582 6.565656565656582 0.0 0.0 0.0 0.0 0.0 0.0 0.0 0.0 0.0 0.0 0.0 0.0 0.0 0.0 0.0 0.0 0.0 0.0 0.0 0.0 0.0 0.0 0.0 0.0 0.0 0.0 0.0 0.0 0.0 0.0 0.0 0.0 0.0 0.0 0.0 0.0 0.0 0.0 0.0 0.0 0.0 0.0 0.0 0.0 0.0 0.0 0.0 0.0 0.0 0.0 0.0 0.0 0.0 0.0 0.0 0.0 0.0 0.0 0.0 0.0 0.0 0.0 0.0 0.0 0.0 0.0 0.0 0.0 0.0 0.0 0.0 0.0 0.0 0.0 0.0 0.0 0.0 0.0 0.0 0.0 0.0 0.0 0.0 0.0 0.0 0.0 0.0 0.0 0.0 0.0 0.0 0.0 0.0 0.0 0.0 0.0 0.0 0.0 0.0 0.0 
6.767676767676784 6.767676767676784 0.0 0.0 0.0 0.0 0.0 0.0 0.0 0.0 0.0 0.0 0.0 0.0 0.0 0.0 0.0 0.0 0.0 0.0 0.0 0.0 0.0 0.0 0.0 0.0 0.0 0.0 0.0 0.0 0.0 0.0 0.0 0.0 0.0 0.0 0.0 0.0 0.0 0.0 0.0 0.0 0.0 0.0 0.0 0.0 0.0 0.0 0.0 0.0 0.0 0.0 0.0 0.0 0.0 0.0 0.0 0.0 0.0 0.0 0.0 0.0 0.0 0.0 0.0 0.0 0.0 0.0 0.0 0.0 0.0 0.0 0.0 0.0 0.0 0.0 0.0 0.0 0.0 0.0 0.0 0.0 0.0 0.0 0.0 0.0 0.0 0.0 0.0 0.0 0.0 0.0 0.0 0.0 0.0 0.0 0.0 0.0 0.0 0.0 0.0 0.0 
6.969696969696987 6.969696969696987 0.0 0.0 0.0 0.0 0.0 0.0 0.0 0.0 0.0 0.0 0.0 0.0 0.0 0.0 0.0 0.0 0.0 0.0 0.0 0.0 0.0 0.0 0.0 0.0 0.0 0.0 0.0 0.0 0.0 0.0 0.0 0.0 0.0 0.0 0.0 0.0 0.0 0.0 0.0 0.0 0.0 0.0 0.0 0.0 0.0 0.0 0.0 0.0 0.0 0.0 0.0 0.0 0.0 0.0 0.0 0.0 0.0 0.0 0.0 0.0 0.0 0.0 0.0 0.0 0.0 0.0 0.0 0.0 0.0 0.0 0.0 0.0 0.0 0.0 0.0 0.0 0.0 0.0 0.0 0.0 0.0 0.0 0.0 0.0 0.0 0.0 0.0 0.0 0.0 0.0 0.0 0.0 0.0 0.0 0.0 0.0 0.0 0.0 0.0 0.0 
7.171717171717189 7.171717171717189 0.0 0.0 0.0 0.0 0.0 0.0 0.0 0.0 0.0 0.0 0.0 0.0 0.0 0.0 0.0 0.0 0.0 0.0 0.0 0.0 0.0 0.0 0.0 0.0 0.0 0.0 0.0 0.0 0.0 0.0 0.0 0.0 0.0 0.0 0.0 0.0 0.0 0.0 0.0 0.0 0.0 0.0 0.0 0.0 0.0 0.0 0.0 0.0 0.0 0.0 0.0 0.0 0.0 0.0 0.0 0.0 0.0 0.0 0.0 0.0 0.0 0.0 0.0 0.0 0.0 0.0 0.0 0.0 0.0 0.0 0.0 0.0 0.0 0.0 0.0 0.0 0.0 0.0 0.0 0.0 0.0 0.0 0.0 0.0 0.0 0.0 0.0 0.0 0.0 0.0 0.0 0.0 0.0 0.0 0.0 0.0 0.0 0.0 0.0 0.0 
7.3737373737373915 7.3737373737373915 0.0 0.0 0.0 0.0 0.0 0.0 0.0 0.0 0.0 0.0 0.0 0.0 0.0 0.0 0.0 0.0 0.0 0.0 0.0 0.0 0.0 0.0 0.0 0.0 0.0 0.0 0.0 0.0 0.0 0.0 0.0 0.0 0.0 0.0 0.0 0.0 0.0 0.0 0.0 0.0 0.0 0.0 0.0 0.0 0.0 0.0 0.0 0.0 0.0 0.0 0.0 0.0 0.0 0.0 0.0 0.0 0.0 0.0 0.0 0.0 0.0 0.0 0.0 0.0 0.0 0.0 0.0 0.0 0.0 0.0 0.0 0.0 0.0 0.0 0.0 0.0 0.0 0.0 0.0 0.0 0.0 0.0 0.0 0.0 0.0 0.0 0.0 0.0 0.0 0.0 0.0 0.0 0.0 0.0 0.0 0.0 0.0 0.0 0.0 0.0 
7.575757575757594 7.575757575757594 0.0 0.0 0.0 0.0 0.0 0.0 0.0 0.0 0.0 0.0 0.0 0.0 0.0 0.0 0.0 0.0 0.0 0.0 0.0 0.0 0.0 0.0 0.0 0.0 0.0 0.0 0.0 0.0 0.0 0.0 0.0 0.0 0.0 0.0 0.0 0.0 0.0 0.0 0.0 0.0 0.0 0.0 0.0 0.0 0.0 0.0 0.0 0.0 0.0 0.0 0.0 0.0 0.0 0.0 0.0 0.0 0.0 0.0 0.0 0.0 0.0 0.0 0.0 0.0 0.0 0.0 0.0 0.0 0.0 0.0 0.0 0.0 0.0 0.0 0.0 0.0 0.0 0.0 0.0 0.0 0.0 0.0 0.0 0.0 0.0 0.0 0.0 0.0 0.0 0.0 0.0 0.0 0.0 0.0 0.0 0.0 0.0 0.0 0.0 0.0 
7.777777777777796 7.777777777777796 0.0 0.0 0.0 0.0 0.0 0.0 0.0 0.0 0.0 0.0 0.0 0.0 0.0 0.0 0.0 0.0 0.0 0.0 0.0 0.0 0.0 0.0 0.0 0.0 0.0 0.0 0.0 0.0 0.0 0.0 0.0 0.0 0.0 0.0 0.0 0.0 0.0 0.0 0.0 0.0 0.0 0.0 0.0 0.0 0.0 0.0 0.0 0.0 0.0 0.0 0.0 0.0 0.0 0.0 0.0 0.0 0.0 0.0 0.0 0.0 0.0 0.0 0.0 0.0 0.0 0.0 0.0 0.0 0.0 0.0 0.0 0.0 0.0 0.0 0.0 0.0 0.0 0.0 0.0 0.0 0.0 0.0 0.0 0.0 0.0 0.0 0.0 0.0 0.0 0.0 0.0 0.0 0.0 0.0 0.0 0.0 0.0 0.0 0.0 0.0 
7.979797979797999 7.979797979797999 0.0 0.0 0.0 0.0 0.0 0.0 0.0 0.0 0.0 0.0 0.0 0.0 0.0 0.0 0.0 0.0 0.0 0.0 0.0 0.0 0.0 0.0 0.0 0.0 0.0 0.0 0.0 0.0 0.0 0.0 0.0 0.0 0.0 0.0 0.0 0.0 0.0 0.0 0.0 0.0 0.0 0.0 0.0 0.0 0.0 0.0 0.0 0.0 0.0 0.0 0.0 0.0 0.0 0.0 0.0 0.0 0.0 0.0 0.0 0.0 0.0 0.0 0.0 0.0 0.0 0.0 0.0 0.0 0.0 0.0 0.0 0.0 0.0 0.0 0.0 0.0 0.0 0.0 0.0 0.0 0.0 0.0 0.0 0.0 0.0 0.0 0.0 0.0 0.0 0.0 0.0 0.0 0.0 0.0 0.0 0.0 0.0 0.0 0.0 0.0 
8.181818181818201 8.181818181818201 0.0 0.0 0.0 0.0 0.0 0.0 0.0 0.0 0.0 0.0 0.0 0.0 0.0 0.0 0.0 0.0 0.0 0.0 0.0 0.0 0.0 0.0 0.0 0.0 0.0 0.0 0.0 0.0 0.0 0.0 0.0 0.0 0.0 0.0 0.0 0.0 0.0 0.0 0.0 0.0 0.0 0.0 0.0 0.0 0.0 0.0 0.0 0.0 0.0 0.0 0.0 0.0 0.0 0.0 0.0 0.0 0.0 0.0 0.0 0.0 0.0 0.0 0.0 0.0 0.0 0.0 0.0 0.0 0.0 0.0 0.0 0.0 0.0 0.0 0.0 0.0 0.0 0.0 0.0 0.0 0.0 0.0 0.0 0.0 0.0 0.0 0.0 0.0 0.0 0.0 0.0 0.0 0.0 0.0 0.0 0.0 0.0 0.0 0.0 0.0 
8.383838383838404 8.383838383838404 0.0 0.0 0.0 0.0 0.0 0.0 0.0 0.0 0.0 0.0 0.0 0.0 0.0 0.0 0.0 0.0 0.0 0.0 0.0 0.0 0.0 0.0 0.0 0.0 0.0 0.0 0.0 0.0 0.0 0.0 0.0 0.0 0.0 0.0 0.0 0.0 0.0 0.0 0.0 0.0 0.0 0.0 0.0 0.0 0.0 0.0 0.0 0.0 0.0 0.0 0.0 0.0 0.0 0.0 0.0 0.0 0.0 0.0 0.0 0.0 0.0 0.0 0.0 0.0 0.0 0.0 0.0 0.0 0.0 0.0 0.0 0.0 0.0 0.0 0.0 0.0 0.0 0.0 0.0 0.0 0.0 0.0 0.0 0.0 0.0 0.0 0.0 0.0 0.0 0.0 0.0 0.0 0.0 0.0 0.0 0.0 0.0 0.0 0.0 0.0 
8.585858585858606 8.585858585858606 0.0 0.0 0.0 0.0 0.0 0.0 0.0 0.0 0.0 0.0 0.0 0.0 0.0 0.0 0.0 0.0 0.0 0.0 0.0 0.0 0.0 0.0 0.0 0.0 0.0 0.0 0.0 0.0 0.0 0.0 0.0 0.0 0.0 0.0 0.0 0.0 0.0 0.0 0.0 0.0 0.0 0.0 0.0 0.0 0.0 0.0 0.0 0.0 0.0 0.0 0.0 0.0 0.0 0.0 0.0 0.0 0.0 0.0 0.0 0.0 0.0 0.0 0.0 0.0 0.0 0.0 0.0 0.0 0.0 0.0 0.0 0.0 0.0 0.0 0.0 0.0 0.0 0.0 0.0 0.0 0.0 0.0 0.0 0.0 0.0 0.0 0.0 0.0 0.0 0.0 0.0 0.0 0.0 0.0 0.0 0.0 0.0 0.0 0.0 0.0 
8.787878787878808 8.787878787878808 0.0 0.0 0.0 0.0 0.0 0.0 0.0 0.0 0.0 0.0 0.0 0.0 0.0 0.0 0.0 0.0 0.0 0.0 0.0 0.0 0.0 0.0 0.0 0.0 0.0 0.0 0.0 0.0 0.0 0.0 0.0 0.0 0.0 0.0 0.0 0.0 0.0 0.0 0.0 0.0 0.0 0.0 0.0 0.0 0.0 0.0 0.0 0.0 0.0 0.0 0.0 0.0 0.0 0.0 0.0 0.0 0.0 0.0 0.0 0.0 0.0 0.0 0.0 0.0 0.0 0.0 0.0 0.0 0.0 0.0 0.0 0.0 0.0 0.0 0.0 0.0 0.0 0.0 0.0 0.0 0.0 0.0 0.0 0.0 0.0 0.0 0.0 0.0 0.0 0.0 0.0 0.0 0.0 0.0 0.0 0.0 0.0 0.0 0.0 0.0 
8.989898989899011 8.989898989899011 0.0 0.0 0.0 0.0 0.0 0.0 0.0 0.0 0.0 0.0 0.0 0.0 0.0 0.0 0.0 0.0 0.0 0.0 0.0 0.0 0.0 0.0 0.0 0.0 0.0 0.0 0.0 0.0 0.0 0.0 0.0 0.0 0.0 0.0 0.0 0.0 0.0 0.0 0.0 0.0 0.0 0.0 0.0 0.0 0.0 0.0 0.0 0.0 0.0 0.0 0.0 0.0 0.0 0.0 0.0 0.0 0.0 0.0 0.0 0.0 0.0 0.0 0.0 0.0 0.0 0.0 0.0 0.0 0.0 0.0 0.0 0.0 0.0 0.0 0.0 0.0 0.0 0.0 0.0 0.0 0.0 0.0 0.0 0.0 0.0 0.0 0.0 0.0 0.0 0.0 0.0 0.0 0.0 0.0 0.0 0.0 0.0 0.0 0.0 0.0 
9.191919191919213 9.191919191919213 0.0 0.0 0.0 0.0 0.0 0.0 0.0 0.0 0.0 0.0 0.0 0.0 0.0 0.0 0.0 0.0 0.0 0.0 0.0 0.0 0.0 0.0 0.0 0.0 0.0 0.0 0.0 0.0 0.0 0.0 0.0 0.0 0.0 0.0 0.0 0.0 0.0 0.0 0.0 0.0 0.0 0.0 0.0 0.0 0.0 0.0 0.0 0.0 0.0 0.0 0.0 0.0 0.0 0.0 0.0 0.0 0.0 0.0 0.0 0.0 0.0 0.0 0.0 0.0 0.0 0.0 0.0 0.0 0.0 0.0 0.0 0.0 0.0 0.0 0.0 0.0 0.0 0.0 0.0 0.0 0.0 0.0 0.0 0.0 0.0 0.0 0.0 0.0 0.0 0.0 0.0 0.0 0.0 0.0 0.0 0.0 0.0 0.0 0.0 0.0 
9.393939393939416 9.393939393939416 0.0 0.0 0.0 0.0 0.0 0.0 0.0 0.0 0.0 0.0 0.0 0.0 0.0 0.0 0.0 0.0 0.0 0.0 0.0 0.0 0.0 0.0 0.0 0.0 0.0 0.0 0.0 0.0 0.0 0.0 0.0 0.0 0.0 0.0 0.0 0.0 0.0 0.0 0.0 0.0 0.0 0.0 0.0 0.0 0.0 0.0 0.0 0.0 0.0 0.0 0.0 0.0 0.0 0.0 0.0 0.0 0.0 0.0 0.0 0.0 0.0 0.0 0.0 0.0 0.0 0.0 0.0 0.0 0.0 0.0 0.0 0.0 0.0 0.0 0.0 0.0 0.0 0.0 0.0 0.0 0.0 0.0 0.0 0.0 0.0 0.0 0.0 0.0 0.0 0.0 0.0 0.0 0.0 0.0 0.0 0.0 0.0 0.0 0.0 0.0 
9.595959595959618 9.595959595959618 0.0 0.0 0.0 0.0 0.0 0.0 0.0 0.0 0.0 0.0 0.0 0.0 0.0 0.0 0.0 0.0 0.0 0.0 0.0 0.0 0.0 0.0 0.0 0.0 0.0 0.0 0.0 0.0 0.0 0.0 0.0 0.0 0.0 0.0 0.0 0.0 0.0 0.0 0.0 0.0 0.0 0.0 0.0 0.0 0.0 0.0 0.0 0.0 0.0 0.0 0.0 0.0 0.0 0.0 0.0 0.0 0.0 0.0 0.0 0.0 0.0 0.0 0.0 0.0 0.0 0.0 0.0 0.0 0.0 0.0 0.0 0.0 0.0 0.0 0.0 0.0 0.0 0.0 0.0 0.0 0.0 0.0 0.0 0.0 0.0 0.0 0.0 0.0 0.0 0.0 0.0 0.0 0.0 0.0 0.0 0.0 0.0 0.0 0.0 0.0 
9.79797979797982 9.79797979797982 0.0 0.0 0.0 0.0 0.0 0.0 0.0 0.0 0.0 0.0 0.0 0.0 0.0 0.0 0.0 0.0 0.0 0.0 0.0 0.0 0.0 0.0 0.0 0.0 0.0 0.0 0.0 0.0 0.0 0.0 0.0 0.0 0.0 0.0 0.0 0.0 0.0 0.0 0.0 0.0 0.0 0.0 0.0 0.0 0.0 0.0 0.0 0.0 0.0 0.0 0.0 0.0 0.0 0.0 0.0 0.0 0.0 0.0 0.0 0.0 0.0 0.0 0.0 0.0 0.0 0.0 0.0 0.0 0.0 0.0 0.0 0.0 0.0 0.0 0.0 0.0 0.0 0.0 0.0 0.0 0.0 0.0 0.0 0.0 0.0 0.0 0.0 0.0 0.0 0.0 0.0 0.0 0.0 0.0 0.0 0.0 0.0 0.0 0.0 0.0 
10.000000000000023 10.000000000000023 0.0 0.0 0.0 0.0 0.0 0.0 0.0 0.0 0.0 0.0 0.0 0.0 0.0 0.0 0.0 0.0 0.0 0.0 0.0 0.0 0.0 0.0 0.0 0.0 0.0 0.0 0.0 0.0 0.0 0.0 0.0 0.0 0.0 0.0 0.0 0.0 0.0 0.0 0.0 0.0 0.0 0.0 0.0 0.0 0.0 0.0 0.0 0.0 0.0 0.0 0.0 0.0 0.0 0.0 0.0 0.0 0.0 0.0 0.0 0.0 0.0 0.0 0.0 0.0 0.0 0.0 0.0 0.0 0.0 0.0 0.0 0.0 0.0 0.0 0.0 0.0 0.0 0.0 0.0 0.0 0.0 0.0 0.0 0.0 0.0 0.0 0.0 0.0 0.0 0.0 0.0 0.0 0.0 0.0 0.0 0.0 0.0 0.0 0.0 0.0 
