-10.0 -10.0 0.0 0.0 0.0 0.0 0.0 0.0 0.0 0.0 0.0 0.0 0.0 0.0 0.0 0.0 0.0 0.0 0.0 0.0 0.0 0.0 0.0 0.0 0.0 0.0 0.0 0.0 0.0 0.0 0.0 0.0 0.0 0.0 0.0 0.0 0.0 0.0 0.0 0.0 0.0 0.0 0.0 0.0 0.0 0.0 0.0 0.0 0.0 0.0 0.0 0.0 0.0 0.0 0.0 0.0 0.0 0.0 0.0 0.0 0.0 0.0 0.0 0.0 0.0 0.0 0.0 0.0 0.0 0.0 0.0 0.0 0.0 0.0 0.0 0.0 0.0 0.0 0.0 0.0 0.0 0.0 0.0 0.0 0.0 0.0 0.0 0.0 0.0 0.0 0.0 0.0 0.0 0.0 0.0 0.0 0.0 0.0 0.0 0.0 0.0 0.0 
-9.797979797979798 -9.797979797979798 0.0 0.0 0.0 0.0 0.0 0.0 0.0 0.0 0.0 0.0 0.0 0.0 0.0 0.0 0.0 0.0 0.0 0.0 0.0 0.0 0.0 0.0 0.0 0.0 0.0 0.0 0.0 0.0 0.0 0.0 0.0 0.0 0.0 0.0 0.0 0.0 0.0 0.0 0.0 0.0 0.0 0.0 0.0 0.0 0.0 0.0 0.0 0.0 0.0 0.0 0.0 0.0 0.0 0.0 0.0 0.0 0.0 0.0 0.0 0.0 0.0 0.0 0.0 0.0 0.0 0.0 0.0 0.0 0.0 0.0 0.0 0.0 0.0 0.0 0.0 0.0 0.0 0.0 0.0 0.0 0.0 0.0 0.0 0.0 0.0 0.0 0.0 0.0 0.0 0.0 0.0 0.0 0.0 0.0 0.0 0.0 0.0 0.0 0.0 0.0 
-9.595959595959595 -9.595959595959595 0.0 0.0 0.0 0.0 0.0 0.0 0.0 0.0 0.0 0.0 0.0 0.0 0.0 0.0 0.0 0.0 0.0 0.0 0.0 0.0 0.0 0.0 0.0 0.0 0.0 0.0 0.0 0.0 0.0 0.0 0.0 0.0 0.0 0.0 0.0 0.0 0.0 0.0 0.0 0.0 0.0 0.0 0.0 0.0 0.0 0.0 0.0 0.0 0.0 0.0 0.0 0.0 0.0 0.0 0.0 0.0 0.0 0.0 0.0 0.0 0.0 0.0 0.0 0.0 0.0 0.0 0.0 0.0 0.0 0.0 0.0 0.0 0.0 0.0 0.0 0.0 0.0 0.0 0.0 0.0 0.0 0.0 0.0 0.0 0.0 0.0 0.0 0.0 0.0 0.0 0.0 0.0 0.0 0.0 0.0 0.0 0.0 0.0 0.0 0.0 
-9.393939393939393 -9.393939393939393 0.0 0.0 0.0 0.0 0.0 0.0 0.0 0.0 0.0 0.0 0.0 0.0 0.0 0.0 0.0 0.0 0.0 0.0 0.0 0.0 0.0 0.0 0.0 0.0 0.0 0.0 0.0 0.0 0.0 0.0 0.0 0.0 0.0 0.0 0.0 0.0 0.0 0.0 0.0 0.0 0.0 0.0 0.0 0.0 0.0 0.0 0.0 0.0 0.0 0.0 0.0 0.0 0.0 0.0 0.0 0.0 0.0 0.0 0.0 0.0 0.0 0.0 0.0 0.0 0.0 0.0 0.0 0.0 0.0 0.0 0.0 0.0 0.0 0.0 0.0 0.0 0.0 0.0 0.0 0.0 0.0 0.0 0.0 0.0 0.0 0.0 0.0 0.0 0.0 0.0 0.0 0.0 0.0 0.0 0.0 0.0 0.0 0.0 0.0 0.0 
-9.19191919191919 -9.19191919191919 0.0 0.0 0.0 0.0 0.0 0.0 0.0 0.0 0.0 0.0 0.0 0.0 0.0 0.0 0.0 0.0 0.0 0.0 0.0 0.0 0.0 0.0 0.0 0.0 0.0 0.0 0.0 0.0 0.0 0.0 0.0 0.0 0.0 0.0 0.0 0.0 0.0 0.0 0.0 0.0 0.0 0.0 0.0 0.0 0.0 0.0 0.0 0.0 0.0 0.0 0.0 0.0 0.0 0.0 0.0 0.0 0.0 0.0 0.0 0.0 0.0 0.0 0.0 0.0 0.0 0.0 0.0 0.0 0.0 0.0 0.0 0.0 0.0 0.0 0.0 0.0 0.0 0.0 0.0 0.0 0.0 0.0 0.0 0.0 0.0 0.0 0.0 0.0 0.0 0.0 0.0 0.0 0.0 0.0 0.0 0.0 0.0 0.0 0.0 0.0 
-8.989898989898988 -8.989898989898988 0.0 0.0 0.0 0.0 0.0 0.0 0.0 0.0 0.0 0.0 0.0 0.0 0.0 0.0 0.0 0.0 0.0 0.0 0.0 0.0 0.0 0.0 0.0 0.0 0.0 0.0 0.0 0.0 0.0 0.0 0.0 0.0 0.0 0.0 0.0 0.0 0.0 0.0 0.0 0.0 0.0 0.0 0.0 0.0 0.0 0.0 0.0 0.0 0.0 0.0 0.0 0.0 0.0 0.0 0.0 0.0 0.0 0.0 0.0 0.0 0.0 0.0 0.0 0.0 0.0 0.0 0.0 0.0 0.0 0.0 0.0 0.0 0.0 0.0 0.0 0.0 0.0 0.0 0.0 0.0 0.0 0.0 0.0 0.0 0.0 0.0 0.0 0.0 0.0 0.0 0.0 0.0 0.0 0.0 0.0 0.0 0.0 0.0 0.0 0.0 
-8.787878787878785 -8.787878787878785 0.0 0.0 0.0 0.0 0.0 0.0 0.0 0.0 0.0 0.0 0.0 0.0 0.0 0.0 0.0 0.0 0.0 0.0 0.0 0.0 0.0 0.0 0.0 0.0 0.0 0.0 0.0 0.0 0.0 0.0 0.0 0.0 0.0 0.0 0.0 0.0 0.0 0.0 0.0 0.0 0.0 0.0 0.0 0.0 0.0 0.0 0.0 0.0 0.0 0.0 0.0 0.0 0.0 0.0 0.0 0.0 0.0 0.0 0.0 0.0 0.0 0.0 0.0 0.0 0.0 0.0 0.0 0.0 0.0 0.0 0.0 0.0 0.0 0.0 0.0 0.0 0.0 0.0 0.0 0.0 0.0 0.0 0.0 0.0 0.0 0.0 0.0 0.0 0.0 0.0 0.0 0.0 0.0 0.0 0.0 0.0 0.0 0.0 0.0 0.0 
-8.585858585858583 -8.585858585858583 0.0 0.0 0.0 0.0 0.0 0.0 0.0 0.0 0.0 0.0 0.0 0.0 0.0 0.0 0.0 0.0 0.0 0.0 0.0 0.0 0.0 0.0 0.0 0.0 0.0 0.0 0.0 0.0 0.0 0.0 0.0 0.0 0.0 0.0 0.0 0.0 0.0 0.0 0.0 0.0 0.0 0.0 0.0 0.0 0.0 0.0 0.0 0.0 0.0 0.0 0.0 0.0 0.0 0.0 0.0 0.0 0.0 0.0 0.0 0.0 0.0 0.0 0.0 0.0 0.0 0.0 0.0 0.0 0.0 0.0 0.0 0.0 0.0 0.0 0.0 0.0 0.0 0.0 0.0 0.0 0.0 0.0 0.0 0.0 0.0 0.0 0.0 0.0 0.0 0.0 0.0 0.0 0.0 0.0 0.0 0.0 0.0 0.0 0.0 0.0 
-8.38383838383838 -8.38383838383838 0.0 0.0 0.0 0.0 0.0 0.0 0.0 0.0 0.0 0.0 0.0 0.0 0.0 0.0 0.0 0.0 0.0 0.0 0.0 0.0 0.0 0.0 0.0 0.0 0.0 0.0 0.0 0.0 0.0 0.0 0.0 0.0 0.0 0.0 0.0 0.0 0.0 0.0 0.0 0.0 0.0 0.0 0.0 0.0 0.0 0.0 0.0 0.0 0.0 0.0 0.0 0.0 0.0 0.0 0.0 0.0 0.0 0.0 0.0 0.0 0.0 0.0 0.0 0.0 0.0 0.0 0.0 0.0 0.0 0.0 0.0 0.0 0.0 0.0 0.0 0.0 0.0 0.0 0.0 0.0 0.0 0.0 0.0 0.0 0.0 0.0 0.0 0.0 0.0 0.0 0.0 0.0 0.0 0.0 0.0 0.0 0.0 0.0 0.0 0.0 
-8.181818181818178 -8.181818181818178 0.0 0.0 0.0 0.0 0.0 0.0 0.0 0.0 0.0 0.0 0.0 0.0 0.0 0.0 0.0 0.0 0.0 0.0 0.0 0.0 0.0 0.0 0.0 0.0 0.0 0.0 0.0 0.0 0.0 0.0 0.0 0.0 0.0 0.0 0.0 0.0 0.0 0.0 0.0 0.0 0.0 0.0 0.0 0.0 0.0 0.0 0.0 0.0 0.0 0.0 0.0 0.0 0.0 0.0 0.0 0.0 0.0 0.0 0.0 0.0 0.0 0.0 0.0 0.0 0.0 0.0 0.0 0.0 0.0 0.0 0.0 0.0 0.0 0.0 0.0 0.0 0.0 0.0 0.0 0.0 0.0 0.0 0.0 0.0 0.0 0.0 0.0 0.0 0.0 0.0 0.0 0.0 0.0 0.0 0.0 0.0 0.0 0.0 0.0 0.0 
-7.979797979797976 -7.979797979797976 0.0 0.0 0.0 0.0 0.0 0.0 0.0 0.0 0.0 0.0 0.0 0.0 0.0 0.0 0.0 0.0 0.0 0.0 0.0 0.0 0.0 0.0 0.0 0.0 0.0 0.0 0.0 0.0 0.0 0.0 0.0 0.0 0.0 0.0 0.0 0.0 0.0 0.0 0.0 0.0 0.0 0.0 0.0 0.0 0.0 0.0 0.0 0.0 0.0 0.0 0.0 0.0 0.0 0.0 0.0 0.0 0.0 0.0 0.0 0.0 0.0 0.0 0.0 0.0 0.0 0.0 0.0 0.0 0.0 0.0 0.0 0.0 0.0 0.0 0.0 0.0 0.0 0.0 0.0 0.0 0.0 0.0 0.0 0.0 0.0 0.0 0.0 0.0 0.0 0.0 0.0 0.0 0.0 0.0 0.0 0.0 0.0 0.0 0.0 0.0 
-7.777777777777773 -7.777777777777773 0.0 0.0 0.0 0.0 0.0 0.0 0.0 0.0 0.0 0.0 0.0 0.0 0.0 0.0 0.0 0.0 0.0 0.0 0.0 0.0 0.0 0.0 0.0 0.0 0.0 0.0 0.0 0.0 0.0 0.0 0.0 0.0 0.0 0.0 0.0 0.0 0.0 0.0 0.0 0.0 0.0 0.0 0.0 0.0 0.0 0.0 0.0 0.0 0.0 0.0 0.0 0.0 0.0 0.0 0.0 0.0 0.0 0.0 0.0 0.0 0.0 0.0 0.0 0.0 0.0 0.0 0.0 0.0 0.0 0.0 0.0 0.0 0.0 0.0 0.0 0.0 0.0 0.0 0.0 0.0 0.0 0.0 0.0 0.0 0.0 0.0 0.0 0.0 0.0 0.0 0.0 0.0 0.0 0.0 0.0 0.0 0.0 0.0 0.0 0.0 
-7.575757575757571 -7.575757575757571 0.0 0.0 0.0 0.0 0.0 0.0 0.0 0.0 0.0 0.0 0.0 0.0 0.0 0.0 0.0 0.0 0.0 0.0 0.0 0.0 0.0 0.0 0.0 0.0 0.0 0.0 0.0 0.0 0.0 0.0 0.0 0.0 0.0 0.0 0.0 0.0 0.0 0.0 0.0 0.0 0.0 0.0 0.0 0.0 0.0 0.0 0.0 0.0 0.0 0.0 0.0 0.0 0.0 0.0 0.0 0.0 0.0 0.0 0.0 0.0 0.0 0.0 0.0 0.0 0.0 0.0 0.0 0.0 0.0 0.0 0.0 0.0 0.0 0.0 0.0 0.0 0.0 0.0 0.0 0.0 0.0 0.0 0.0 0.0 0.0 0.0 0.0 0.0 0.0 0.0 0.0 0.0 0.0 0.0 0.0 0.0 0.0 0.0 0.0 0.0 
-7.373737373737368 -7.373737373737368 0.0 0.0 0.0 0.0 0.0 0.0 0.0 0.0 0.0 0.0 0.0 0.0 0.0 0.0 0.0 0.0 0.0 0.0 0.0 0.0 0.0 0.0 0.0 0.0 0.0 0.0 0.0 0.0 0.0 0.0 0.0 0.0 0.0 0.0 0.0 0.0 0.0 0.0 0.0 0.0 0.0 0.0 0.0 0.0 0.0 0.0 0.0 0.0 0.0 0.0 0.0 0.0 0.0 0.0 0.0 0.0 0.0 0.0 0.0 0.0 0.0 0.0 0.0 0.0 0.0 0.0 0.0 0.0 0.0 0.0 0.0 0.0 0.0 0.0 0.0 0.0 0.0 0.0 0.0 0.0 0.0 0.0 0.0 0.0 0.0 0.0 0.0 0.0 0.0 0.0 0.0 0.0 0.0 0.0 0.0 0.0 0.0 0.0 0.0 0.0 
-7.171717171717166 -7.171717171717166 0.0 0.0 0.0 0.0 0.0 0.0 0.0 0.0 0.0 0.0 0.0 0.0 0.0 0.0 0.0 0.0 0.0 0.0 0.0 0.0 0.0 0.0 0.0 0.0 0.0 0.0 0.0 0.0 0.0 0.0 0.0 0.0 0.0 0.0 0.0 0.0 0.0 0.0 0.0 0.0 0.0 0.0 0.0 0.0 0.0 0.0 0.0 0.0 0.0 0.0 0.0 0.0 0.0 0.0 0.0 0.0 0.0 0.0 0.0 0.0 0.0 0.0 0.0 0.0 0.0 0.0 0.0 0.0 0.0 0.0 0.0 0.0 0.0 0.0 0.0 0.0 0.0 0.0 0.0 0.0 0.0 0.0 0.0 0.0 0.0 0.0 0.0 0.0 0.0 0.0 0.0 0.0 0.0 0.0 0.0 0.0 0.0 0.0 0.0 0.0 
-6.9696969696969635 -6.9696969696969635 0.0 0.0 0.0 0.0 0.0 0.0 0.0 0.0 0.0 0.0 0.0 0.0 0.0 0.0 0.0 0.0 0.0 0.0 0.0 0.0 0.0 0.0 0.0 0.0 0.0 0.0 0.0 0.0 0.0 0.0 0.0 0.0 0.0 0.0 0.0 0.0 0.0 0.0 0.0 0.0 0.0 0.0 0.0 0.0 0.0 0.0 0.0 0.0 0.0 0.0 0.0 0.0 0.0 0.0 0.0 0.0 0.0 0.0 0.0 0.0 0.0 0.0 0.0 0.0 0.0 0.0 0.0 0.0 0.0 0.0 0.0 0.0 0.0 0.0 0.0 0.0 0.0 0.0 0.0 0.0 0.0 0.0 0.0 0.0 0.0 0.0 0.0 0.0 0.0 0.0 0.0 0.0 0.0 0.0 0.0 0.0 0.0 0.0 0.0 0.0 
-6.767676767676761 -6.767676767676761 0.0 0.0 0.0 0.0 0.0 0.0 0.0 0.0 0.0 0.0 0.0 0.0 0.0 0.0 0.0 0.0 0.0 0.0 0.0 0.0 0.0 0.0 0.0 0.0 0.0 0.0 0.0 0.0 0.0 0.0 0.0 0.0 0.0 0.0 0.0 0.0 0.0 0.0 0.0 0.0 0.0 0.0 0.0 0.0 0.0 0.0 0.0 0.0 0.0 0.0 0.0 0.0 0.0 0.0 0.0 0.0 0.0 0.0 0.0 0.0 0.0 0.0 0.0 0.0 0.0 0.0 0.0 0.0 0.0 0.0 0.0 0.0 0.0 0.0 0.0 0.0 0.0 0.0 0.0 0.0 0.0 0.0 0.0 0.0 0.0 0.0 0.0 0.0 0.0 0.0 0.0 0.0 0.0 0.0 0.0 0.0 0.0 0.0 0.0 0.0 
-6.565656565656559 -6.565656565656559 0.0 0.0 0.0 0.0 0.0 0.0 0.0 0.0 0.0 0.0 0.0 0.0 0.0 0.0 0.0 0.0 0.0 0.0 0.0 0.0 0.0 0.0 0.0 0.0 0.0 0.0 0.0 0.0 0.0 0.0 0.0 0.0 0.0 0.0 0.0 0.0 0.0 0.0 0.0 0.0 0.0 0.0 0.0 0.0 0.0 0.0 0.0 0.0 0.0 0.0 0.0 0.0 0.0 0.0 0.0 0.0 0.0 0.0 0.0 0.0 0.0 0.0 0.0 0.0 0.0 0.0 0.0 0.0 0.0 0.0 0.0 0.0 0.0 0.0 0.0 0.0 0.0 0.0 0.0 0.0 0.0 0.0 0.0 0.0 0.0 0.0 0.0 0.0 0.0 0.0 0.0 0.0 0.0 0.0 0.0 0.0 0.0 0.0 0.0 0.0 
-6.363636363636356 -6.363636363636356 0.0 0.0 0.0 0.0 0.0 0.0 0.0 0.0 0.0 0.0 0.0 0.0 0.0 0.0 0.0 0.0 0.0 0.0 0.0 0.0 0.0 0.0 0.0 0.0 0.0 0.0 0.0 0.0 0.0 0.0 0.0 0.0 0.0 0.0 0.0 0.0 0.0 0.0 0.0 0.0 0.0 0.0 0.0 0.0 0.0 0.0 0.0 0.0 0.0 0.0 0.0 0.0 0.0 0.0 0.0 0.0 0.0 0.0 0.0 0.0 0.0 0.0 0.0 0.0 0.0 0.0 0.0 0.0 0.0 0.0 0.0 0.0 0.0 0.0 0.0 0.0 0.0 0.0 0.0 0.0 0.0 0.0 0.0 0.0 0.0 0.0 0.0 0.0 0.0 0.0 0.0 0.0 0.0 0.0 0.0 0.0 0.0 0.0 0.0 0.0 
-6.161616161616154 -6.161616161616154 0.0 0.0 0.0 0.0 0.0 0.0 0.0 0.0 0.0 0.0 0.0 0.0 0.0 0.0 0.0 0.0 0.0 0.0 0.0 0.0 0.0 0.0 0.0 0.0 0.0 0.0 0.0 0.0 0.0 0.0 0.0 0.0 0.0 0.0 0.0 0.0 0.0 0.0 0.0 0.0 0.0 0.0 0.0 0.0 0.0 0.0 0.0 0.0 0.0 0.0 0.0 0.0 0.0 0.0 0.0 0.0 0.0 0.0 0.0 0.0 0.0 0.0 0.0 0.0 0.0 0.0 0.0 0.0 0.0 0.0 0.0 0.0 0.0 0.0 0.0 0.0 0.0 0.0 0.0 0.0 0.0 0.0 0.0 0.0 0.0 0.0 0.0 0.0 0.0 0.0 0.0 0.0 0.0 0.0 0.0 0.0 0.0 0.0 0.0 0.0 
-5.959595959595951 -5.959595959595951 0.0 0.0 0.0 0.0 0.0 0.0 0.0 0.0 0.0 0.0 0.0 0.0 0.0 0.0 0.0 0.0 0.0 0.0 0.0 0.0 0.0 0.0 0.0 0.0 0.0 0.0 0.0 0.0 0.0 0.0 0.0 0.0 0.0 0.0 0.0 0.0 0.0 0.0 0.0 0.0 0.0 0.0 0.0 0.0 0.0 0.0 0.0 0.0 0.0 0.0 0.0 0.0 0.0 0.0 0.0 0.0 0.0 0.0 0.0 0.0 0.0 0.0 0.0 0.0 0.0 0.0 0.0 0.0 0.0 0.0 0.0 0.0 0.0 0.0 0.0 0.0 0.0 0.0 0.0 0.0 0.0 0.0 0.0 0.0 0.0 0.0 0.0 0.0 0.0 0.0 0.0 0.0 0.0 0.0 0.0 0.0 0.0 0.0 0.0 0.0 
-5.757575757575749 -5.757575757575749 0.0 0.0 0.0 0.0 0.0 0.0 0.0 0.0 0.0 0.0 0.0 0.0 0.0 0.0 0.0 0.0 0.0 0.0 0.0 0.0 0.0 0.0 0.0 0.0 0.0 0.0 0.0 0.0 0.0 0.0 0.0 0.0 0.0 0.0 0.0 0.0 0.0 0.0 0.0 0.0 0.0 0.0 0.0 0.0 0.0 0.0 0.0 0.0 0.0 0.0 0.0 0.0 0.0 0.0 0.0 0.0 0.0 0.0 0.0 0.0 0.0 0.0 0.0 0.0 0.0 0.0 0.0 0.0 0.0 0.0 0.0 0.0 0.0 0.0 0.0 0.0 0.0 0.0 0.0 0.0 0.0 0.0 0.0 0.0 0.0 0.0 0.0 0.0 0.0 0.0 0.0 0.0 0.0 0.0 0.0 0.0 0.0 0.0 0.0 0.0 
-5.5555555555555465 -5.5555555555555465 0.0 0.0 0.0 0.0 0.0 0.0 0.0 0.0 0.0 0.0 0.0 0.0 0.0 0.0 0.0 0.0 0.0 0.0 0.0 0.0 0.0 0.0 0.0 0.0 0.0 0.0 0.0 0.0 0.0 0.0 0.0 0.0 0.0 0.0 0.0 0.0 0.0 0.0 0.0 0.0 0.0 0.0 0.0 0.0 0.0 0.01933476175901183 0.039740842771153195 0.055045403530258996 0.06524844403632946 0.07034996428936457 0.07034996428936435 0.06524844403632879 0.055045403530257664 0.0397408427711512 0.019334761759009167 0.0 0.0 0.0 0.0 0.0 0.0 0.0 0.0 0.0 0.0 0.0 0.0 0.0 0.0 0.0 0.0 0.0 0.0 0.0 0.0 0.0 0.0 0.0 0.0 0.0 0.0 0.0 0.0 0.0 0.0 0.0 0.0 0.0 0.0 0.0 0.0 0.0 0.0 0.0 0.0 0.0 0.0 0.0 0.0 0.0 
-5.353535353535344 -5.353535353535344 0.0 0.0 0.0 0.0 0.0 0.0 0.0 0.0 0.0 0.0 0.0 0.0 0.0 0.0 0.0 0.0 0.0 0.0 0.0 0.0 0.0 0.0 0.0 0.0 0.0 0.0 0.0 0.0 0.0 0.0 0.0 0.0 0.0 0.0 0.0 0.0 0.0 0.0 0.0 0.0 0.0 0.024436282012048505 0.06524844403633145 0.10095908580757884 0.1315682073257911 0.1570758085909678 0.17748188960310918 0.19278645036221498 0.20298949086828544 0.20809101112132056 0.20809101112132034 0.20298949086828477 0.19278645036221365 0.17748188960310718 0.15707580859096515 0.13156820732578778 0.10095908580757507 0.06524844403632701 0.02443628201204362 0.0 0.0 0.0 0.0 0.0 0.0 0.0 0.0 0.0 0.0 0.0 0.0 0.0 0.0 0.0 0.0 0.0 0.0 0.0 0.0 0.0 0.0 0.0 0.0 0.0 0.0 0.0 0.0 0.0 0.0 0.0 0.0 0.0 0.0 0.0 0.0 0.0 0.0 0.0 0.0 0.0 
-5.151515151515142 -5.151515151515142 0.0 0.0 0.0 0.0 0.0 0.0 0.0 0.0 0.0 0.0 0.0 0.0 0.0 0.0 0.0 0.0 0.0 0.0 0.0 0.0 0.0 0.0 0.0 0.0 0.0 0.0 0.0 0.0 0.0 0.0 0.0 0.0 0.0 0.0 0.0 0.0 0.0 0.0 0.004030200999907585 0.06014692378329678 0.11116212631365041 0.15707580859096892 0.19788797061525187 0.23359861238649926 0.26420773390471153 0.28971533516988823 0.3101214161820296 0.3254259769411354 0.33562901744720586 0.340730537700241 0.34073053770024075 0.3356290174472052 0.32542597694113407 0.3101214161820276 0.28971533516988557 0.2642077339047082 0.23359861238649549 0.19788797061524743 0.15707580859096404 0.11116212631364508 0.060146923783290784 0.004030200999900924 0.0 0.0 0.0 0.0 0.0 0.0 0.0 0.0 0.0 0.0 0.0 0.0 0.0 0.0 0.0 0.0 0.0 0.0 0.0 0.0 0.0 0.0 0.0 0.0 0.0 0.0 0.0 0.0 0.0 0.0 0.0 0.0 0.0 0.0 0.0 0.0 0.0 0.0 
-4.949494949494939 -4.949494949494939 0.0 0.0 0.0 0.0 0.0 0.0 0.0 0.0 0.0 0.0 0.0 0.0 0.0 0.0 0.0 0.0 0.0 0.0 0.0 0.0 0.0 0.0 0.0 0.0 0.0 0.0 0.0 0.0 0.0 0.0 0.0 0.0 0.0 0.0 0.0 0.0 0.004030200999908473 0.07034996428936835 0.13156820732579289 0.18768493010918208 0.2387001326395357 0.2846138149168542 0.3254259769411372 0.36113661871238456 0.39174574023059683 0.41725334149577353 0.4376594225079149 0.4529639832670207 0.46316702377309116 0.4682685440261263 0.46826854402612605 0.4631670237730905 0.45296398326701937 0.4376594225079129 0.41725334149577087 0.3917457402305935 0.3611366187123808 0.32542597694113273 0.28461381491684934 0.23870013263953038 0.18768493010917608 0.13156820732578622 0.07034996428936102 0.0040302009999004795 0.0 0.0 0.0 0.0 0.0 0.0 0.0 0.0 0.0 0.0 0.0 0.0 0.0 0.0 0.0 0.0 0.0 0.0 0.0 0.0 0.0 0.0 0.0 0.0 0.0 0.0 0.0 0.0 0.0 0.0 0.0 0.0 0.0 0.0 0.0 0.0 
-4.747474747474737 -4.747474747474737 0.0 0.0 0.0 0.0 0.0 0.0 0.0 0.0 0.0 0.0 0.0 0.0 0.0 0.0 0.0 0.0 0.0 0.0 0.0 0.0 0.0 0.0 0.0 0.0 0.0 0.0 0.0 0.0 0.0 0.0 0.0 0.0 0.0 0.0 0.0 0.05504540353026255 0.126466687072758 0.19278645036221786 0.2540046933986424 0.3101214161820316 0.3611366187123852 0.40705030098970374 0.4478624630139867 0.4835731047852341 0.5141822263034463 0.539689827568623 0.5600959085807644 0.5754004693398702 0.5856035098459407 0.5907050300989758 0.5907050300989756 0.58560350984594 0.5754004693398689 0.5600959085807624 0.5396898275686204 0.514182226303443 0.4835731047852303 0.44786246301398225 0.40705030098969885 0.3611366187123799 0.3101214161820256 0.25400469339863574 0.19278645036221054 0.12646668707275 0.05504540353025411 0.0 0.0 0.0 0.0 0.0 0.0 0.0 0.0 0.0 0.0 0.0 0.0 0.0 0.0 0.0 0.0 0.0 0.0 0.0 0.0 0.0 0.0 0.0 0.0 0.0 0.0 0.0 0.0 0.0 0.0 0.0 0.0 0.0 0.0 0.0 
-4.545454545454534 -4.545454545454534 0.0 0.0 0.0 0.0 0.0 0.0 0.0 0.0 0.0 0.0 0.0 0.0 0.0 0.0 0.0 0.0 0.0 0.0 0.0 0.0 0.0 0.0 0.0 0.0 0.0 0.0 0.0 0.0 0.0 0.0 0.0 0.0 0.0 0.014233241505980043 0.09585756555454616 0.17238036935007695 0.24380165289257238 0.31012141618203226 0.3713396592184568 0.427456382001846 0.4784715845321996 0.5243852668095181 0.5651974288338011 0.6009080706050485 0.6315171921232607 0.6570247933884374 0.6774308744005788 0.6927354351596846 0.7029384756657551 0.7080399959187902 0.70803999591879 0.7029384756657544 0.6927354351596833 0.6774308744005768 0.6570247933884348 0.6315171921232574 0.6009080706050447 0.5651974288337966 0.5243852668095133 0.4784715845321943 0.42745638200184 0.37133965921845014 0.31012141618202493 0.2438016528925644 0.1723803693500685 0.09585756555453728 0.014233241505970495 0.0 0.0 0.0 0.0 0.0 0.0 0.0 0.0 0.0 0.0 0.0 0.0 0.0 0.0 0.0 0.0 0.0 0.0 0.0 0.0 0.0 0.0 0.0 0.0 0.0 0.0 0.0 0.0 0.0 0.0 0.0 0.0 0.0 
-4.343434343434332 -4.343434343434332 0.0 0.0 0.0 0.0 0.0 0.0 0.0 0.0 0.0 0.0 0.0 0.0 0.0 0.0 0.0 0.0 0.0 0.0 0.0 0.0 0.0 0.0 0.0 0.0 0.0 0.0 0.0 0.0 0.0 0.0 0.0 0.0 0.03974084277115719 0.12646668707275888 0.208091011121325 0.2846138149168558 0.3560350984593512 0.4223548617488111 0.48357310478523563 0.5396898275686248 0.5907050300989785 0.636618712376297 0.6774308744005799 0.7131415161718273 0.7437506376900396 0.7692582389552163 0.7896643199673576 0.8049688807264634 0.8151719212325339 0.820273441485569 0.8202734414855688 0.8151719212325332 0.8049688807264621 0.7896643199673556 0.7692582389552136 0.7437506376900362 0.7131415161718235 0.6774308744005755 0.6366187123762921 0.5907050300989731 0.5396898275686188 0.48357310478522897 0.42235486174880377 0.3560350984593432 0.28461381491684734 0.20809101112131612 0.12646668707274933 0.03974084277114698 0.0 0.0 0.0 0.0 0.0 0.0 0.0 0.0 0.0 0.0 0.0 0.0 0.0 0.0 0.0 0.0 0.0 0.0 0.0 0.0 0.0 0.0 0.0 0.0 0.0 0.0 0.0 0.0 0.0 0.0 0.0 0.0 
-4.1414141414141294 -4.1414141414141294 0.0 0.0 0.0 0.0 0.0 0.0 0.0 0.0 0.0 0.0 0.0 0.0 0.0 0.0 0.0 0.0 0.0 0.0 0.0 0.0 0.0 0.0 0.0 0.0 0.0 0.0 0.0 0.0 0.0 0.0 0.0 0.05504540353026388 0.14687276808490068 0.23359861238650237 0.3152229364350685 0.39174574023059927 0.4631670237730947 0.5294867870625546 0.5907050300989791 0.6468217528823683 0.697836955412722 0.7437506376900405 0.7845627997143234 0.8202734414855708 0.8508825630037831 0.8763901642689598 0.8967962452811011 0.9121008060402069 0.9223038465462774 0.9274053667993125 0.9274053667993123 0.9223038465462767 0.9121008060402056 0.8967962452810991 0.8763901642689571 0.8508825630037797 0.820273441485567 0.784562799714319 0.7437506376900356 0.6978369554127166 0.6468217528823623 0.5907050300989725 0.5294867870625473 0.4631670237730867 0.39174574023059083 0.3152229364350596 0.23359861238649282 0.14687276808489047 0.055045403530253 0.0 0.0 0.0 0.0 0.0 0.0 0.0 0.0 0.0 0.0 0.0 0.0 0.0 0.0 0.0 0.0 0.0 0.0 0.0 0.0 0.0 0.0 0.0 0.0 0.0 0.0 0.0 0.0 0.0 0.0 0.0 
-3.9393939393939275 -3.9393939393939275 0.0 0.0 0.0 0.0 0.0 0.0 0.0 0.0 0.0 0.0 0.0 0.0 0.0 0.0 0.0 0.0 0.0 0.0 0.0 0.0 0.0 0.0 0.0 0.0 0.0 0.0 0.0 0.0 0.0 0.0 0.06014692378329922 0.1570758085909716 0.2489031731456084 0.3356290174472101 0.4172533414957762 0.493776145291307 0.5651974288338024 0.6315171921232623 0.6927354351596868 0.748852157943076 0.7998673604734297 0.8457810427507482 0.8865932047750311 0.9223038465462785 0.9529129680644908 0.9784205693296675 0.9988266503418088 1.0141312111009146 1.024334251606985 1.0294357718600202 1.02943577186002 1.0243342516069844 1.0141312111009133 0.9988266503418068 0.9784205693296648 0.9529129680644874 0.9223038465462747 0.8865932047750267 0.8457810427507433 0.7998673604734243 0.74885215794307 0.6927354351596802 0.631517192123255 0.5651974288337944 0.49377614529129854 0.4172533414957673 0.33562901744720053 0.24890317314559818 0.1570758085909607 0.060146923783287676 0.0 0.0 0.0 0.0 0.0 0.0 0.0 0.0 0.0 0.0 0.0 0.0 0.0 0.0 0.0 0.0 0.0 0.0 0.0 0.0 0.0 0.0 0.0 0.0 0.0 0.0 0.0 0.0 0.0 0.0 
-3.7373737373737255 -3.7373737373737255 0.0 0.0 0.0 0.0 0.0 0.0 0.0 0.0 0.0 0.0 0.0 0.0 0.0 0.0 0.0 0.0 0.0 0.0 0.0 0.0 0.0 0.0 0.0 0.0 0.0 0.0 0.0 0.0 0.0 0.05504540353026388 0.1570758085909716 0.25400469339864395 0.34583205795328076 0.43255790225488244 0.5141822263034486 0.5907050300989793 0.6621263136414748 0.7284460769309347 0.7896643199673592 0.8457810427507484 0.896796245281102 0.9427099275584205 0.9835220895827035 1.0192327313539509 1.0498418528721631 1.0753494541373398 1.0957555351494812 1.111060095908587 1.1212631364146575 1.1263646566676926 1.1263646566676924 1.1212631364146568 1.1110600959085857 1.0957555351494792 1.0753494541373372 1.0498418528721598 1.019232731353947 0.983522089582699 0.9427099275584157 0.8967962452810967 0.8457810427507424 0.7896643199673525 0.7284460769309273 0.6621263136414668 0.5907050300989709 0.5141822263034397 0.4325579022548729 0.34583205795327054 0.2540046933986331 0.15707580859096004 0.05504540353025189 0.0 0.0 0.0 0.0 0.0 0.0 0.0 0.0 0.0 0.0 0.0 0.0 0.0 0.0 0.0 0.0 0.0 0.0 0.0 0.0 0.0 0.0 0.0 0.0 0.0 0.0 0.0 0.0 0.0 
-3.5353535353535235 -3.5353535353535235 0.0 0.0 0.0 0.0 0.0 0.0 0.0 0.0 0.0 0.0 0.0 0.0 0.0 0.0 0.0 0.0 0.0 0.0 0.0 0.0 0.0 0.0 0.0 0.0 0.0 0.0 0.0 0.0 0.0397408427711573 0.1468727680849008 0.2489031731456085 0.34583205795328087 0.4376594225079177 0.5243852668095194 0.6060095908580855 0.6825323946536163 0.7539536781961117 0.8202734414855716 0.8814916845219961 0.9376084073053853 0.9886236098357389 1.0345372921130576 1.0753494541373403 1.111060095908588 1.1416692174268 1.1671768186919769 1.1875828997041182 1.202887460463224 1.2130905009692943 1.2181920212223294 1.2181920212223294 1.2130905009692938 1.2028874604632227 1.187582899704116 1.1671768186919742 1.1416692174267968 1.111060095908584 1.0753494541373358 1.0345372921130527 0.9886236098357336 0.9376084073053793 0.8814916845219894 0.8202734414855642 0.7539536781961037 0.6825323946536078 0.6060095908580766 0.5243852668095098 0.43765942250790746 0.34583205795327 0.24890317314559696 0.1468727680848888 0.03974084277114465 0.0 0.0 0.0 0.0 0.0 0.0 0.0 0.0 0.0 0.0 0.0 0.0 0.0 0.0 0.0 0.0 0.0 0.0 0.0 0.0 0.0 0.0 0.0 0.0 0.0 0.0 0.0 0.0 
-3.3333333333333215 -3.3333333333333215 0.0 0.0 0.0 0.0 0.0 0.0 0.0 0.0 0.0 0.0 0.0 0.0 0.0 0.0 0.0 0.0 0.0 0.0 0.0 0.0 0.0 0.0 0.0 0.0 0.0 0.0 0.0 0.014233241505980043 0.12646668707275888 0.23359861238650237 0.3356290174472101 0.43255790225488244 0.5243852668095192 0.6111111111111209 0.692735435159687 0.7692582389552178 0.8406795224977133 0.9069992857871731 0.9682175288235977 1.0243342516069869 1.0753494541373405 1.121263136414659 1.162075298438942 1.1977859402101894 1.2283950617284016 1.2539026629935783 1.2743087440057197 1.2896133047648255 1.299816345270896 1.304917865523931 1.3049178655239309 1.2998163452708953 1.2896133047648242 1.2743087440057177 1.2539026629935757 1.2283950617283983 1.1977859402101856 1.1620752984389375 1.1212631364146541 1.0753494541373352 1.0243342516069809 0.968217528823591 0.9069992857871658 0.8406795224977053 0.7692582389552094 0.6927354351596782 0.6111111111111114 0.524385266809509 0.43255790225487156 0.33562901744719853 0.23359861238649038 0.12646668707274622 0.014233241505966943 0.0 0.0 0.0 0.0 0.0 0.0 0.0 0.0 0.0 0.0 0.0 0.0 0.0 0.0 0.0 0.0 0.0 0.0 0.0 0.0 0.0 0.0 0.0 0.0 0.0 0.0 0.0 
-3.1313131313131195 -3.1313131313131195 0.0 0.0 0.0 0.0 0.0 0.0 0.0 0.0 0.0 0.0 0.0 0.0 0.0 0.0 0.0 0.0 0.0 0.0 0.0 0.0 0.0 0.0 0.0 0.0 0.0 0.0 0.0 0.09585756555454628 0.2080910111213251 0.3152229364350686 0.4172533414957763 0.5141822263034487 0.6060095908580855 0.6927354351596872 0.7743597592082533 0.8508825630037841 0.9223038465462795 0.9886236098357394 1.0498418528721638 1.1059585756555532 1.1569737781859066 1.2028874604632254 1.243699622487508 1.2794102642587557 1.3100193857769677 1.3355269870421447 1.355933068054286 1.3712376288133918 1.381440669319462 1.3865421895724972 1.3865421895724972 1.3814406693194616 1.3712376288133905 1.3559330680542838 1.335526987042142 1.3100193857769646 1.2794102642587517 1.2436996224875037 1.2028874604632205 1.1569737781859013 1.105958575655547 1.0498418528721571 0.988623609835732 0.9223038465462715 0.8508825630037756 0.7743597592082444 0.6927354351596776 0.6060095908580753 0.5141822263034378 0.41725334149576476 0.3152229364350566 0.20809101112131245 0.09585756555453318 0.0 0.0 0.0 0.0 0.0 0.0 0.0 0.0 0.0 0.0 0.0 0.0 0.0 0.0 0.0 0.0 0.0 0.0 0.0 0.0 0.0 0.0 0.0 0.0 0.0 0.0 0.0 
-2.9292929292929175 -2.9292929292929175 0.0 0.0 0.0 0.0 0.0 0.0 0.0 0.0 0.0 0.0 0.0 0.0 0.0 0.0 0.0 0.0 0.0 0.0 0.0 0.0 0.0 0.0 0.0 0.0 0.0 0.0 0.05504540353026255 0.17238036935007695 0.2846138149168558 0.39174574023059927 0.493776145291307 0.5907050300989793 0.6825323946536161 0.7692582389552178 0.850882563003784 0.9274053667993147 0.9988266503418102 1.06514641363127 1.1263646566676946 1.1824813794510838 1.2334965819814374 1.279410264258756 1.3202224262830389 1.3559330680542863 1.3865421895724985 1.4120497908376752 1.4324558718498166 1.4477604326089224 1.4579634731149929 1.463064993368028 1.4630649933680278 1.4579634731149922 1.447760432608921 1.4324558718498146 1.4120497908376726 1.3865421895724952 1.3559330680542825 1.3202224262830344 1.279410264258751 1.233496581981432 1.1824813794510778 1.126364656667688 1.0651464136312627 0.9988266503418022 0.9274053667993063 0.8508825630037751 0.7692582389552083 0.6825323946536059 0.5907050300989685 0.49377614529129543 0.3917457402305873 0.2846138149168431 0.17238036935006384 0.055045403530249004 0.0 0.0 0.0 0.0 0.0 0.0 0.0 0.0 0.0 0.0 0.0 0.0 0.0 0.0 0.0 0.0 0.0 0.0 0.0 0.0 0.0 0.0 0.0 0.0 0.0 0.0 
-2.7272727272727155 -2.7272727272727155 0.0 0.0 0.0 0.0 0.0 0.0 0.0 0.0 0.0 0.0 0.0 0.0 0.0 0.0 0.0 0.0 0.0 0.0 0.0 0.0 0.0 0.0 0.0 0.0 0.0 0.004030200999908418 0.12646668707275793 0.24380165289257233 0.35603509845935116 0.46316702377309465 0.5651974288338024 0.6621263136414748 0.7539536781961116 0.8406795224977133 0.9223038465462794 0.9988266503418102 1.0702479338843056 1.1365676971737655 1.19778594021019 1.2539026629935792 1.3049178655239329 1.3508315478012514 1.3916437098255343 1.4273543515967817 1.457963473114994 1.4834710743801707 1.503877155392312 1.5191817161514178 1.5293847566574883 1.5344862769105234 1.5344862769105232 1.5293847566574876 1.5191817161514165 1.50387715539231 1.483471074380168 1.4579634731149906 1.427354351596778 1.3916437098255299 1.3508315478012465 1.3049178655239275 1.2539026629935732 1.1977859402101834 1.1365676971737582 1.0702479338842976 0.9988266503418017 0.9223038465462705 0.8406795224977037 0.7539536781961014 0.6621263136414639 0.5651974288337909 0.46316702377308266 0.3560350984593385 0.24380165289255923 0.1264666870727444 0.004030200999893985 0.0 0.0 0.0 0.0 0.0 0.0 0.0 0.0 0.0 0.0 0.0 0.0 0.0 0.0 0.0 0.0 0.0 0.0 0.0 0.0 0.0 0.0 0.0 0.0 0.0 
-2.5252525252525135 -2.5252525252525135 0.0 0.0 0.0 0.0 0.0 0.0 0.0 0.0 0.0 0.0 0.0 0.0 0.0 0.0 0.0 0.0 0.0 0.0 0.0 0.0 0.0 0.0 0.0 0.0 0.0 0.0703499642893684 0.19278645036221792 0.3101214161820323 0.42235486174881115 0.5294867870625546 0.6315171921232623 0.7284460769309347 0.8202734414855715 0.9069992857871731 0.9886236098357393 1.06514641363127 1.1365676971737655 1.2028874604632254 1.26410570349965 1.320222426283039 1.3712376288133927 1.4171513110907112 1.4579634731149942 1.4936741148862416 1.5242832364044538 1.5497908376696305 1.570196918681772 1.5855014794408777 1.5957045199469482 1.6008060401999833 1.600806040199983 1.5957045199469475 1.5855014794408764 1.57019691868177 1.5497908376696279 1.5242832364044505 1.4936741148862378 1.4579634731149897 1.4171513110907064 1.3712376288133874 1.320222426283033 1.2641057034996432 1.202887460463218 1.1365676971737575 1.0651464136312616 0.9886236098357304 0.9069992857871636 0.8202734414855612 0.7284460769309238 0.6315171921232507 0.5294867870625426 0.4223548617487985 0.3101214161820192 0.19278645036220438 0.07034996428935397 0.0 0.0 0.0 0.0 0.0 0.0 0.0 0.0 0.0 0.0 0.0 0.0 0.0 0.0 0.0 0.0 0.0 0.0 0.0 0.0 0.0 0.0 0.0 0.0 0.0 
-2.3232323232323115 -2.3232323232323115 0.0 0.0 0.0 0.0 0.0 0.0 0.0 0.0 0.0 0.0 0.0 0.0 0.0 0.0 0.0 0.0 0.0 0.0 0.0 0.0 0.0 0.0 0.0 0.0 0.0040302009999076405 0.13156820732579294 0.25400469339864246 0.37133965921845685 0.4835731047852357 0.5907050300989791 0.6927354351596868 0.7896643199673592 0.881491684521996 0.9682175288235977 1.0498418528721638 1.1263646566676946 1.19778594021019 1.26410570349965 1.3253239465360744 1.3814406693194636 1.4324558718498173 1.4783695541271358 1.5191817161514187 1.5548923579226661 1.5855014794408784 1.611009080706055 1.6314151617181964 1.6467197224773023 1.6569227629833727 1.6620242832364078 1.6620242832364076 1.656922762983372 1.646719722477301 1.6314151617181945 1.6110090807060524 1.585501479440875 1.5548923579226623 1.5191817161514143 1.478369554127131 1.432455871849812 1.3814406693194576 1.3253239465360678 1.2641057034996426 1.197785940210182 1.1263646566676861 1.049841852872155 0.9682175288235881 0.8814916845219858 0.7896643199673483 0.6927354351596753 0.5907050300989671 0.48357310478522303 0.37133965921844375 0.2540046933986289 0.1315682073257785 0.0040302009998929855 0.0 0.0 0.0 0.0 0.0 0.0 0.0 0.0 0.0 0.0 0.0 0.0 0.0 0.0 0.0 0.0 0.0 0.0 0.0 0.0 0.0 0.0 0.0 0.0 
-2.1212121212121096 -2.1212121212121096 0.0 0.0 0.0 0.0 0.0 0.0 0.0 0.0 0.0 0.0 0.0 0.0 0.0 0.0 0.0 0.0 0.0 0.0 0.0 0.0 0.0 0.0 0.0 0.0 0.06014692378329678 0.18768493010918208 0.3101214161820316 0.427456382001846 0.5396898275686248 0.6468217528823683 0.748852157943076 0.8457810427507484 0.9376084073053852 1.0243342516069869 1.105958575655553 1.1824813794510838 1.2539026629935792 1.320222426283039 1.3814406693194636 1.4375573921028528 1.4885725946332065 1.534486276910525 1.575298438934808 1.6110090807060553 1.6416182022242676 1.668503213957777 1.7501275380063424 1.811345781042766 1.852157943067048 1.8725640240791885 1.8725640240791874 1.8521579430670445 1.8113457810427602 1.7501275380063341 1.6685032139577667 1.6416182022242642 1.6110090807060515 1.5752984389348035 1.53448627691052 1.4885725946332011 1.4375573921028468 1.381440669319457 1.3202224262830318 1.2539026629935712 1.1824813794510753 1.1059585756555441 1.0243342516069773 0.937608407305375 0.8457810427507375 0.7488521579430645 0.6468217528823563 0.5396898275686122 0.4274563820018329 0.31012141618201805 0.18768493010916765 0.060146923783282125 0.0 0.0 0.0 0.0 0.0 0.0 0.0 0.0 0.0 0.0 0.0 0.0 0.0 0.0 0.0 0.0 0.0 0.0 0.0 0.0 0.0 0.0 0.0 0.0 
-1.9191919191919076 -1.9191919191919076 0.0 0.0 0.0 0.0 0.0 0.0 0.0 0.0 0.0 0.0 0.0 0.0 0.0 0.0 0.0 0.0 0.0 0.0 0.0 0.0 0.0 0.0 0.0 0.0 0.11116212631365052 0.23870013263953582 0.36113661871238534 0.47847158453219973 0.5907050300989786 0.6978369554127221 0.7998673604734298 0.8967962452811021 0.9886236098357389 1.0753494541373407 1.1569737781859066 1.2334965819814374 1.304917865523933 1.3712376288133927 1.4324558718498173 1.4885725946332067 1.53958779716356 1.5855014794408788 1.6263136414651616 1.6620242832364092 1.770533619018485 1.8725640240791919 1.9541883481277573 2.0154065911641807 2.056218753188463 2.0766248342006035 2.076624834200602 2.0562187531884595 2.015406591164175 1.954188348127749 1.8725640240791817 1.7705336190184724 1.6620242832364052 1.6263136414651571 1.585501479440874 1.5395877971635548 1.4885725946332005 1.4324558718498106 1.3712376288133856 1.304917865523925 1.233496581981429 1.1569737781858977 1.075349454137331 0.9886236098357287 0.8967962452810913 0.7998673604734182 0.6978369554127101 0.5907050300989659 0.47847158453218663 0.3611366187123718 0.2387001326395214 0.11116212631363587 0.0 0.0 0.0 0.0 0.0 0.0 0.0 0.0 0.0 0.0 0.0 0.0 0.0 0.0 0.0 0.0 0.0 0.0 0.0 0.0 0.0 0.0 0.0 0.0 
-1.7171717171717056 -1.7171717171717056 0.0 0.0 0.0 0.0 0.0 0.0 0.0 0.0 0.0 0.0 0.0 0.0 0.0 0.0 0.0 0.0 0.0 0.0 0.0 0.0 0.0 0.0 0.0 0.02443628201204845 0.15707580859096887 0.28461381491685417 0.4070503009897037 0.5243852668095181 0.636618712376297 0.7437506376900405 0.8457810427507482 0.9427099275584205 1.0345372921130573 1.121263136414659 1.2028874604632251 1.279410264258756 1.3508315478012514 1.4171513110907112 1.4783695541271358 1.534486276910525 1.5855014794408786 1.6314151617181971 1.6889092949699198 1.8317518620549103 1.9541883481277587 2.0562187531884657 2.1378430772370307 2.1990613202734544 2.2398734822977366 2.260279563309877 2.260279563309876 2.239873482297733 2.199061320273449 2.1378430772370227 2.056218753188455 1.954188348127746 1.8317518620548952 1.6889092949699025 1.6314151617181922 1.5855014794408733 1.534486276910519 1.4783695541271291 1.417151311090704 1.3508315478012434 1.2794102642587475 1.2028874604632163 1.1212631364146495 1.0345372921130471 0.9427099275584097 0.8457810427507366 0.7437506376900285 0.6366187123762843 0.524385266809505 0.40705030098969014 0.28461381491683974 0.1570758085909542 0.024436282012032906 0.0 0.0 0.0 0.0 0.0 0.0 0.0 0.0 0.0 0.0 0.0 0.0 0.0 0.0 0.0 0.0 0.0 0.0 0.0 0.0 0.0 0.0 0.0 
-1.5151515151515036 -1.5151515151515036 0.0 0.0 0.0 0.0 0.0 0.0 0.0 0.0 0.0 0.0 0.0 0.0 0.0 0.0 0.0 0.0 0.0 0.0 0.0 0.0 0.0 0.0 0.0 0.06524844403633137 0.1978879706152518 0.32542597694113706 0.4478624630139866 0.565197428833801 0.6774308744005798 0.7845627997143233 0.886593204775031 0.9835220895827034 1.0753494541373403 1.162075298438942 1.243699622487508 1.3202224262830389 1.3916437098255343 1.4579634731149942 1.5191817161514187 1.575298438934808 1.6263136414651616 1.6889092949699196 1.8521579430670512 1.9950005101520416 2.11743699622489 2.219467401285597 2.301091725334162 2.3623099683705857 2.403122130394868 2.4235282114070085 2.423528211407007 2.4031221303948644 2.36230996837058 2.301091725334154 2.2194674012855864 2.1174369962248774 1.9950005101520265 1.8521579430670339 1.6889092949698998 1.6263136414651562 1.575298438934802 1.519181716151412 1.4579634731149869 1.3916437098255263 1.3202224262830304 1.2436996224874992 1.1620752984389324 1.07534945413733 0.9835220895826925 0.8865932047750195 0.7845627997143113 0.6774308744005672 0.5651974288337879 0.44786246301397303 0.32542597694112263 0.19788797061523714 0.06524844403631583 0.0 0.0 0.0 0.0 0.0 0.0 0.0 0.0 0.0 0.0 0.0 0.0 0.0 0.0 0.0 0.0 0.0 0.0 0.0 0.0 0.0 0.0 0.0 
-1.3131313131313016 -1.3131313131313016 0.0 0.0 0.0 0.0 0.0 0.0 0.0 0.0 0.0 0.0 0.0 0.0 0.0 0.0 0.0 0.0 0.0 0.0 0.0 0.0 0.0 0.0 0.0 0.10095908580757892 0.23359861238649934 0.36113661871238467 0.4835731047852342 0.6009080706050486 0.7131415161718274 0.8202734414855709 0.9223038465462786 1.0192327313539509 1.1110600959085877 1.1977859402101894 1.2794102642587555 1.3559330680542863 1.4273543515967817 1.4936741148862416 1.5548923579226661 1.6110090807060553 1.662024283236409 1.83175186205491 1.9950005101520416 2.137843077237032 2.2602795633098802 2.3623099683705875 2.4439342924191525 2.505152535455576 2.5459646974798584 2.566370778491999 2.5663707784919976 2.545964697479855 2.5051525354555704 2.4439342924191445 2.362309968370577 2.260279563309868 2.137843077237017 1.9950005101520243 1.8317518620548903 1.6620242832364036 1.6110090807060493 1.5548923579226595 1.4936741148862342 1.4273543515967737 1.3559330680542778 1.2794102642587466 1.1977859402101798 1.1110600959085775 1.01923273135394 0.9223038465462671 0.8202734414855589 0.7131415161718148 0.6009080706050355 0.48357310478522064 0.36113661871237024 0.2335986123864847 0.10095908580756338 0.0 0.0 0.0 0.0 0.0 0.0 0.0 0.0 0.0 0.0 0.0 0.0 0.0 0.0 0.0 0.0 0.0 0.0 0.0 0.0 0.0 0.0 0.0 
-1.1111111111110996 -1.1111111111110996 0.0 0.0 0.0 0.0 0.0 0.0 0.0 0.0 0.0 0.0 0.0 0.0 0.0 0.0 0.0 0.0 0.0 0.0 0.0 0.0 0.0 0.0 0.0 0.13156820732579105 0.2642077339047115 0.3917457402305968 0.5141822263034463 0.6315171921232607 0.7437506376900396 0.8508825630037831 0.9529129680644908 1.0498418528721631 1.1416692174268 1.2283950617284016 1.3100193857769677 1.3865421895724985 1.457963473114994 1.5242832364044538 1.5855014794408784 1.6416182022242676 1.7705336190184853 1.9541883481277587 2.1174369962248902 2.2602795633098807 2.3827160493827293 2.484746454443436 2.566370778492001 2.6275890215284248 2.6736047342108273 2.7552290582593892 2.755229058259385 2.6736047342108136 2.6275890215284194 2.566370778491993 2.4847464544434255 2.3827160493827164 2.2602795633098656 2.117436996224873 1.954188348127739 1.7705336190184633 1.6416182022242616 1.5855014794408717 1.5242832364044465 1.457963473114986 1.38654218957249 1.3100193857769589 1.228395061728392 1.1416692174267897 1.0498418528721523 0.9529129680644792 0.8508825630037711 0.7437506376900269 0.6315171921232476 0.5141822263034328 0.39174574023058234 0.2642077339046968 0.1315682073257755 0.0 0.0 0.0 0.0 0.0 0.0 0.0 0.0 0.0 0.0 0.0 0.0 0.0 0.0 0.0 0.0 0.0 0.0 0.0 0.0 0.0 0.0 0.0 
-0.9090909090908976 -0.9090909090908976 0.0 0.0 0.0 0.0 0.0 0.0 0.0 0.0 0.0 0.0 0.0 0.0 0.0 0.0 0.0 0.0 0.0 0.0 0.0 0.0 0.0 0.0 0.019334761759011797 0.15707580859096779 0.2897153351698882 0.4172533414957735 0.539689827568623 0.6570247933884374 0.7692582389552163 0.8763901642689598 0.9784205693296675 1.0753494541373398 1.1671768186919766 1.2539026629935783 1.3355269870421445 1.4120497908376752 1.4834710743801707 1.5497908376696305 1.611009080706055 1.6685032139577771 1.872564024079192 2.0562187531884657 2.219467401285597 2.3623099683705875 2.484746454443436 2.586776859504143 2.673604734210832 2.918477706356527 3.081726354453655 3.163350678502217 3.1633506785022125 3.0817263544536413 2.9184777063565037 2.6736047342108 2.5867768595041323 2.4847464544434232 2.3623099683705724 2.2194674012855797 2.0562187531884457 1.87256402407917 1.6685032139577527 1.6110090807060484 1.5497908376696232 1.4834710743801627 1.4120497908376668 1.3355269870421356 1.2539026629935688 1.1671768186919664 1.075349454137329 0.9784205693296559 0.8763901642689478 0.7692582389552036 0.6570247933884243 0.5396898275686095 0.41725334149575904 0.2897153351698735 0.15707580859095224 0.01933476175899581 0.0 0.0 0.0 0.0 0.0 0.0 0.0 0.0 0.0 0.0 0.0 0.0 0.0 0.0 0.0 0.0 0.0 0.0 0.0 0.0 0.0 0.0 
-0.7070707070706956 -0.7070707070706956 0.0 0.0 0.0 0.0 0.0 0.0 0.0 0.0 0.0 0.0 0.0 0.0 0.0 0.0 0.0 0.0 0.0 0.0 0.0 0.0 0.0 0.0 0.039740842771153126 0.1774818896031091 0.31012141618202954 0.43765942250791484 0.5600959085807643 0.6774308744005787 0.7896643199673575 0.896796245281101 0.9988266503418087 1.0957555351494812 1.187582899704118 1.2743087440057197 1.3559330680542858 1.4324558718498166 1.503877155392312 1.570196918681772 1.6314151617181964 1.7501275380063421 1.954188348127757 2.1378430772370303 2.301091725334162 2.4439342924191525 2.5663707784920007 2.673604734210832 3.0001020304050927 3.2449750025507877 3.408223650647916 3.489847974696478 3.4898479746964735 3.4082236506479022 3.2449750025507647 3.0001020304050607 2.6736047342107905 2.5663707784919882 2.4439342924191374 2.3010917253341447 2.1378430772370107 1.9541883481277351 1.7501275380063177 1.6314151617181898 1.5701969186817646 1.503877155392304 1.4324558718498082 1.355933068054277 1.2743087440057101 1.1875828997041078 1.0957555351494703 0.9988266503417972 0.896796245281089 0.7896643199673449 0.6774308744005656 0.5600959085807508 0.4376594225079004 0.3101214161820149 0.17748188960309355 0.03974084277113714 0.0 0.0 0.0 0.0 0.0 0.0 0.0 0.0 0.0 0.0 0.0 0.0 0.0 0.0 0.0 0.0 0.0 0.0 0.0 0.0 0.0 0.0 
-0.5050505050504936 -0.5050505050504936 0.0 0.0 0.0 0.0 0.0 0.0 0.0 0.0 0.0 0.0 0.0 0.0 0.0 0.0 0.0 0.0 0.0 0.0 0.0 0.0 0.0 0.0 0.055045403530259045 0.19278645036221503 0.32542597694113545 0.45296398326702075 0.5754004693398702 0.6927354351596846 0.8049688807264634 0.9121008060402069 1.0141312111009146 1.111060095908587 1.2028874604632238 1.2896133047648255 1.3712376288133916 1.4477604326089224 1.5191817161514178 1.5855014794408777 1.6467197224773023 1.8113457810427658 2.0154065911641807 2.1990613202734544 2.3623099683705857 2.505152535455576 2.6275890215284248 2.918477706356527 3.2449750025507877 3.489847974696483 3.653096622793611 3.734720946842173 3.7347209468421685 3.6530966227935973 3.4898479746964597 3.2449750025507558 2.9184777063564855 2.627589021528412 2.505152535455561 2.3623099683705684 2.1990613202734344 2.015406591164159 1.8113457810427414 1.6467197224772956 1.5855014794408704 1.5191817161514098 1.447760432608914 1.3712376288133827 1.289613304764816 1.2028874604632136 1.1110600959085761 1.014131211100903 0.912100806040195 0.8049688807264508 0.6927354351596715 0.5754004693398567 0.4529639832670063 0.3254259769411208 0.1927864503621995 0.05504540353024306 0.0 0.0 0.0 0.0 0.0 0.0 0.0 0.0 0.0 0.0 0.0 0.0 0.0 0.0 0.0 0.0 0.0 0.0 0.0 0.0 0.0 0.0 
-0.30303030303029166 -0.30303030303029166 0.0 0.0 0.0 0.0 0.0 0.0 0.0 0.0 0.0 0.0 0.0 0.0 0.0 0.0 0.0 0.0 0.0 0.0 0.0 0.0 0.0 0.0 0.06524844403632957 0.20298949086828555 0.33562901744720597 0.46316702377309127 0.5856035098459408 0.7029384756657552 0.815171921232534 0.9223038465462775 1.024334251606985 1.1212631364146575 1.2130905009692943 1.299816345270896 1.381440669319462 1.4579634731149929 1.5293847566574883 1.5957045199469482 1.6569227629833727 1.852157943067048 2.056218753188463 2.239873482297736 2.403122130394868 2.5459646974798584 2.6736047342108273 3.081726354453655 3.408223650647916 3.653096622793611 3.8163452708907393 3.897969594939301 3.8979695949392967 3.8163452708907255 3.653096622793588 3.408223650647884 3.0817263544536138 2.6736047342107767 2.5459646974798433 2.4031221303948507 2.2398734822977167 2.056218753188441 1.8521579430670236 1.656922762983366 1.5957045199469408 1.5293847566574803 1.4579634731149844 1.3814406693194532 1.2998163452708864 1.213090500969284 1.1212631364146466 1.0243342516069736 0.9223038465462655 0.8151719212325214 0.7029384756657421 0.5856035098459272 0.46316702377307684 0.3356290174471913 0.20298949086827 0.06524844403631358 0.0 0.0 0.0 0.0 0.0 0.0 0.0 0.0 0.0 0.0 0.0 0.0 0.0 0.0 0.0 0.0 0.0 0.0 0.0 0.0 0.0 0.0 
-0.10101010101008964 -0.10101010101008964 0.0 0.0 0.0 0.0 0.0 0.0 0.0 0.0 0.0 0.0 0.0 0.0 0.0 0.0 0.0 0.0 0.0 0.0 0.0 0.0 0.0 0.0 0.07034996428936469 0.20809101112132067 0.3407305377002411 0.4682685440261264 0.5907050300989759 0.7080399959187903 0.8202734414855691 0.9274053667993126 1.0294357718600202 1.1263646566676926 1.2181920212223294 1.304917865523931 1.3865421895724972 1.463064993368028 1.5344862769105234 1.6008060401999833 1.6620242832364078 1.8725640240791885 2.0766248342006035 2.2602795633098767 2.4235282114070085 2.566370778491999 2.7552290582593892 3.163350678502217 3.489847974696478 3.734720946842173 3.897969594939301 3.979593918987863 3.9795939189878586 3.8979695949392874 3.73472094684215 3.489847974696446 3.1633506785021757 2.7552290582593386 2.566370778491984 2.423528211406991 2.260279563309857 2.0766248342005813 1.8725640240791641 1.6620242832364012 1.600806040199976 1.5344862769105154 1.4630649933680195 1.3865421895724883 1.3049178655239215 1.2181920212223192 1.1263646566676817 1.0294357718600087 0.9274053667993006 0.8202734414855565 0.7080399959187772 0.5907050300989624 0.46826854402611195 0.34073053770022643 0.20809101112130513 0.0703499642893487 0.0 0.0 0.0 0.0 0.0 0.0 0.0 0.0 0.0 0.0 0.0 0.0 0.0 0.0 0.0 0.0 0.0 0.0 0.0 0.0 0.0 0.0 
0.10101010101011237 0.10101010101011237 0.0 0.0 0.0 0.0 0.0 0.0 0.0 0.0 0.0 0.0 0.0 0.0 0.0 0.0 0.0 0.0 0.0 0.0 0.0 0.0 0.0 0.0 0.0703499642893644 0.2080910111213204 0.3407305377002408 0.4682685440261261 0.5907050300989756 0.70803999591879 0.8202734414855688 0.9274053667993123 1.02943577186002 1.1263646566676924 1.2181920212223292 1.3049178655239309 1.386542189572497 1.4630649933680278 1.5344862769105232 1.600806040199983 1.6620242832364076 1.8725640240791872 2.076624834200602 2.260279563309876 2.423528211407007 2.5663707784919976 2.755229058259385 3.1633506785022125 3.4898479746964735 3.7347209468421685 3.8979695949392967 3.9795939189878586 3.979593918987854 3.897969594939283 3.7347209468421454 3.4898479746964415 3.163350678502171 2.755229058259334 2.5663707784919825 2.42352821140699 2.260279563309856 2.0766248342005804 1.8725640240791628 1.662024283236401 1.6008060401999757 1.5344862769105152 1.4630649933680193 1.386542189572488 1.3049178655239213 1.218192021222319 1.1263646566676815 1.0294357718600085 0.9274053667993003 0.8202734414855561 0.7080399959187769 0.590705030098962 0.4682685440261117 0.34073053770022615 0.20809101112130485 0.07034996428934841 0.0 0.0 0.0 0.0 0.0 0.0 0.0 0.0 0.0 0.0 0.0 0.0 0.0 0.0 0.0 0.0 0.0 0.0 0.0 0.0 0.0 0.0 
0.3030303030303144 0.3030303030303144 0.0 0.0 0.0 0.0 0.0 0.0 0.0 0.0 0.0 0.0 0.0 0.0 0.0 0.0 0.0 0.0 0.0 0.0 0.0 0.0 0.0 0.0 0.0652484440363287 0.2029894908682847 0.3356290174472051 0.4631670237730904 0.5856035098459399 0.7029384756657543 0.8151719212325331 0.9223038465462766 1.0243342516069844 1.1212631364146568 1.2130905009692936 1.2998163452708953 1.3814406693194614 1.4579634731149922 1.5293847566574876 1.5957045199469475 1.656922762983372 1.8521579430670445 2.0562187531884595 2.2398734822977326 2.4031221303948644 2.545964697479855 2.6736047342108136 3.0817263544536413 3.4082236506479022 3.6530966227935973 3.8163452708907255 3.8979695949392874 3.897969594939283 3.8163452708907117 3.653096622793574 3.4082236506478703 3.0817263544536 2.673604734210763 2.5459646974798398 2.403122130394847 2.239873482297713 2.0562187531884373 1.85215794306702 1.6569227629833654 1.5957045199469402 1.5293847566574796 1.4579634731149838 1.3814406693194525 1.2998163452708857 1.2130905009692834 1.121263136414646 1.024334251606973 0.9223038465462646 0.8151719212325205 0.7029384756657412 0.5856035098459264 0.46316702377307595 0.3356290174471904 0.20298949086826915 0.06524844403631272 0.0 0.0 0.0 0.0 0.0 0.0 0.0 0.0 0.0 0.0 0.0 0.0 0.0 0.0 0.0 0.0 0.0 0.0 0.0 0.0 0.0 0.0 
0.5050505050505164 0.5050505050505164 0.0 0.0 0.0 0.0 0.0 0.0 0.0 0.0 0.0 0.0 0.0 0.0 0.0 0.0 0.0 0.0 0.0 0.0 0.0 0.0 0.0 0.0 0.05504540353025761 0.1927864503622136 0.325425976941134 0.4529639832670193 0.5754004693398689 0.6927354351596833 0.8049688807264621 0.9121008060402056 1.0141312111009133 1.1110600959085857 1.2028874604632225 1.2896133047648242 1.3712376288133903 1.447760432608921 1.5191817161514165 1.5855014794408764 1.646719722477301 1.8113457810427604 2.0154065911641754 2.199061320273449 2.3623099683705804 2.505152535455571 2.6275890215284194 2.9184777063565037 3.2449750025507647 3.4898479746964597 3.653096622793588 3.73472094684215 3.7347209468421454 3.653096622793574 3.4898479746964366 3.2449750025507327 2.9184777063564624 2.6275890215284066 2.5051525354555557 2.362309968370563 2.199061320273429 2.0154065911641537 1.811345781042736 1.6467197224772943 1.585501479440869 1.5191817161514085 1.4477604326089126 1.3712376288133814 1.2896133047648146 1.2028874604632123 1.1110600959085748 1.0141312111009018 0.9121008060401936 0.8049688807264495 0.6927354351596702 0.5754004693398553 0.4529639832670049 0.32542597694111935 0.19278645036219805 0.05504540353024162 0.0 0.0 0.0 0.0 0.0 0.0 0.0 0.0 0.0 0.0 0.0 0.0 0.0 0.0 0.0 0.0 0.0 0.0 0.0 0.0 0.0 0.0 
0.7070707070707184 0.7070707070707184 0.0 0.0 0.0 0.0 0.0 0.0 0.0 0.0 0.0 0.0 0.0 0.0 0.0 0.0 0.0 0.0 0.0 0.0 0.0 0.0 0.0 0.0 0.039740842771151114 0.1774818896031071 0.3101214161820275 0.4376594225079128 0.5600959085807623 0.6774308744005767 0.7896643199673555 0.896796245281099 0.9988266503418067 1.0957555351494792 1.187582899704116 1.2743087440057177 1.3559330680542838 1.4324558718498146 1.50387715539231 1.57019691868177 1.6314151617181945 1.7501275380063341 1.954188348127749 2.1378430772370223 2.301091725334154 2.4439342924191445 2.5663707784919927 2.6736047342108 3.0001020304050607 3.2449750025507558 3.408223650647884 3.489847974696446 3.4898479746964415 3.4082236506478703 3.2449750025507327 3.0001020304050288 2.6736047342107585 2.5663707784919803 2.4439342924191294 2.3010917253341368 2.1378430772370027 1.9541883481277271 1.7501275380063097 1.6314151617181878 1.5701969186817626 1.503877155392302 1.4324558718498062 1.355933068054275 1.2743087440057081 1.1875828997041058 1.0957555351494683 0.9988266503417952 0.896796245281087 0.7896643199673429 0.6774308744005636 0.5600959085807488 0.43765942250789835 0.31012141618201283 0.17748188960309155 0.039740842771135126 0.0 0.0 0.0 0.0 0.0 0.0 0.0 0.0 0.0 0.0 0.0 0.0 0.0 0.0 0.0 0.0 0.0 0.0 0.0 0.0 0.0 0.0 
0.9090909090909204 0.9090909090909204 0.0 0.0 0.0 0.0 0.0 0.0 0.0 0.0 0.0 0.0 0.0 0.0 0.0 0.0 0.0 0.0 0.0 0.0 0.0 0.0 0.0 0.0 0.01933476175900921 0.1570758085909652 0.2897153351698856 0.4172533414957709 0.5396898275686204 0.6570247933884348 0.7692582389552136 0.8763901642689571 0.9784205693296648 1.0753494541373372 1.167176818691974 1.2539026629935757 1.3355269870421418 1.4120497908376726 1.483471074380168 1.5497908376696279 1.6110090807060524 1.6685032139577665 1.8725640240791814 2.056218753188455 2.2194674012855864 2.362309968370577 2.4847464544434255 2.5867768595041323 2.67360473421079 2.9184777063564855 3.0817263544536138 3.1633506785021757 3.163350678502171 3.0817263544535995 2.9184777063564624 2.673604734210758 2.5867768595041216 2.4847464544434126 2.3623099683705617 2.219467401285569 2.056218753188435 1.8725640240791595 1.668503213957742 1.6110090807060458 1.5497908376696206 1.48347107438016 1.4120497908376641 1.335526987042133 1.2539026629935661 1.1671768186919638 1.0753494541373263 0.9784205693296533 0.8763901642689451 0.769258238955201 0.6570247933884217 0.5396898275686068 0.4172533414957565 0.28971533516987097 0.15707580859094966 0.01933476175899322 0.0 0.0 0.0 0.0 0.0 0.0 0.0 0.0 0.0 0.0 0.0 0.0 0.0 0.0 0.0 0.0 0.0 0.0 0.0 0.0 0.0 0.0 
1.1111111111111225 1.1111111111111225 0.0 0.0 0.0 0.0 0.0 0.0 0.0 0.0 0.0 0.0 0.0 0.0 0.0 0.0 0.0 0.0 0.0 0.0 0.0 0.0 0.0 0.0 0.0 0.1315682073257879 0.2642077339047083 0.3917457402305936 0.5141822263034431 0.6315171921232575 0.7437506376900364 0.8508825630037798 0.9529129680644876 1.0498418528721598 1.1416692174267966 1.2283950617283983 1.3100193857769644 1.3865421895724952 1.4579634731149906 1.5242832364044505 1.585501479440875 1.6416182022242642 1.7705336190184724 1.9541883481277458 2.1174369962248774 2.260279563309868 2.382716049382716 2.4847464544434232 2.5663707784919882 2.627589021528412 2.6736047342107767 2.7552290582593386 2.755229058259334 2.6736047342107625 2.627589021528406 2.5663707784919803 2.4847464544434126 2.3827160493827035 2.2602795633098527 2.11743699622486 1.954188348127726 1.7705336190184504 1.6416182022242582 1.5855014794408684 1.5242832364044432 1.4579634731149826 1.3865421895724868 1.3100193857769555 1.2283950617283887 1.1416692174267864 1.049841852872149 0.952912968064476 0.8508825630037679 0.7437506376900237 0.6315171921232444 0.5141822263034296 0.3917457402305792 0.26420773390469365 0.13156820732577235 0.0 0.0 0.0 0.0 0.0 0.0 0.0 0.0 0.0 0.0 0.0 0.0 0.0 0.0 0.0 0.0 0.0 0.0 0.0 0.0 0.0 0.0 0.0 
1.3131313131313245 1.3131313131313245 0.0 0.0 0.0 0.0 0.0 0.0 0.0 0.0 0.0 0.0 0.0 0.0 0.0 0.0 0.0 0.0 0.0 0.0 0.0 0.0 0.0 0.0 0.0 0.10095908580757516 0.2335986123864956 0.3611366187123809 0.4835731047852304 0.6009080706050448 0.7131415161718236 0.8202734414855671 0.9223038465462748 1.019232731353947 1.111060095908584 1.1977859402101856 1.2794102642587517 1.3559330680542825 1.427354351596778 1.4936741148862378 1.5548923579226623 1.6110090807060515 1.6620242832364052 1.831751862054895 1.9950005101520265 2.137843077237017 2.260279563309865 2.3623099683705724 2.4439342924191374 2.505152535455561 2.5459646974798433 2.566370778491984 2.5663707784919825 2.5459646974798398 2.5051525354555553 2.4439342924191294 2.3623099683705617 2.2602795633098527 2.137843077237002 1.9950005101520092 1.8317518620548752 1.6620242832363998 1.6110090807060455 1.5548923579226557 1.4936741148862305 1.42735435159677 1.355933068054274 1.2794102642587428 1.197785940210176 1.1110600959085737 1.0192327313539362 0.9223038465462633 0.8202734414855551 0.713141516171811 0.6009080706050317 0.48357310478521687 0.36113661871236646 0.23359861238648094 0.10095908580755962 0.0 0.0 0.0 0.0 0.0 0.0 0.0 0.0 0.0 0.0 0.0 0.0 0.0 0.0 0.0 0.0 0.0 0.0 0.0 0.0 0.0 0.0 0.0 
1.5151515151515265 1.5151515151515265 0.0 0.0 0.0 0.0 0.0 0.0 0.0 0.0 0.0 0.0 0.0 0.0 0.0 0.0 0.0 0.0 0.0 0.0 0.0 0.0 0.0 0.0 0.0 0.06524844403632704 0.19788797061524746 0.32542597694113273 0.44786246301398225 0.5651974288337966 0.6774308744005755 0.784562799714319 0.8865932047750267 0.983522089582699 1.0753494541373358 1.1620752984389375 1.2436996224875037 1.3202224262830344 1.3916437098255299 1.4579634731149897 1.5191817161514143 1.5752984389348035 1.6263136414651571 1.6889092949699023 1.8521579430670339 1.9950005101520243 2.117436996224873 2.2194674012855797 2.3010917253341447 2.3623099683705684 2.4031221303948507 2.423528211406991 2.42352821140699 2.403122130394847 2.362309968370563 2.3010917253341368 2.219467401285569 2.11743699622486 1.9950005101520092 1.8521579430670165 1.6889092949698825 1.6263136414651518 1.5752984389347975 1.5191817161514076 1.4579634731149824 1.3916437098255219 1.320222426283026 1.2436996224874948 1.162075298438928 1.0753494541373256 0.9835220895826882 0.8865932047750151 0.784562799714307 0.6774308744005628 0.5651974288337835 0.4478624630139687 0.3254259769411183 0.1978879706152328 0.0652484440363115 0.0 0.0 0.0 0.0 0.0 0.0 0.0 0.0 0.0 0.0 0.0 0.0 0.0 0.0 0.0 0.0 0.0 0.0 0.0 0.0 0.0 0.0 0.0 
1.7171717171717285 1.7171717171717285 0.0 0.0 0.0 0.0 0.0 0.0 0.0 0.0 0.0 0.0 0.0 0.0 0.0 0.0 0.0 0.0 0.0 0.0 0.0 0.0 0.0 0.0 0.0 0.024436282012043536 0.15707580859096396 0.28461381491684923 0.40705030098969874 0.5243852668095131 0.636618712376292 0.7437506376900355 0.8457810427507432 0.9427099275584155 1.0345372921130525 1.1212631364146541 1.2028874604632203 1.279410264258751 1.3508315478012465 1.4171513110907064 1.478369554127131 1.53448627691052 1.5855014794408737 1.6314151617181922 1.6889092949698998 1.8317518620548903 1.9541883481277387 2.0562187531884457 2.1378430772370107 2.1990613202734344 2.2398734822977167 2.260279563309857 2.260279563309856 2.239873482297713 2.1990613202734286 2.1378430772370027 2.056218753188435 1.954188348127726 1.8317518620548752 1.6889092949698825 1.6314151617181873 1.5855014794408684 1.534486276910514 1.4783695541271242 1.417151311090699 1.3508315478012385 1.2794102642587426 1.2028874604632114 1.1212631364146446 1.0345372921130422 0.9427099275584047 0.8457810427507316 0.7437506376900235 0.6366187123762793 0.5243852668095 0.4070503009896852 0.2846138149168348 0.1570758085909493 0.024436282012027993 0.0 0.0 0.0 0.0 0.0 0.0 0.0 0.0 0.0 0.0 0.0 0.0 0.0 0.0 0.0 0.0 0.0 0.0 0.0 0.0 0.0 0.0 0.0 
1.9191919191919304 1.9191919191919304 0.0 0.0 0.0 0.0 0.0 0.0 0.0 0.0 0.0 0.0 0.0 0.0 0.0 0.0 0.0 0.0 0.0 0.0 0.0 0.0 0.0 0.0 0.0 0.0 0.11116212631364503 0.23870013263953033 0.36113661871237984 0.47847158453219424 0.5907050300989731 0.6978369554127166 0.7998673604734243 0.8967962452810967 0.9886236098357335 1.0753494541373352 1.1569737781859013 1.233496581981432 1.3049178655239275 1.3712376288133874 1.432455871849812 1.4885725946332011 1.5395877971635548 1.5855014794408733 1.6263136414651562 1.6620242832364036 1.7705336190184633 1.87256402407917 1.9541883481277356 2.015406591164159 2.0562187531884413 2.0766248342005817 2.0766248342005804 2.0562187531884377 2.0154065911641537 1.9541883481277273 1.87256402407916 1.7705336190184506 1.6620242832363998 1.6263136414651518 1.5855014794408684 1.5395877971635494 1.4885725946331951 1.4324558718498053 1.37123762881338 1.3049178655239195 1.2334965819814236 1.1569737781858924 1.0753494541373256 0.9886236098357233 0.8967962452810858 0.7998673604734128 0.6978369554127046 0.5907050300989605 0.47847158453218114 0.3611366187123663 0.2387001326395159 0.11116212631363037 0.0 0.0 0.0 0.0 0.0 0.0 0.0 0.0 0.0 0.0 0.0 0.0 0.0 0.0 0.0 0.0 0.0 0.0 0.0 0.0 0.0 0.0 0.0 0.0 
2.1212121212121327 2.1212121212121327 0.0 0.0 0.0 0.0 0.0 0.0 0.0 0.0 0.0 0.0 0.0 0.0 0.0 0.0 0.0 0.0 0.0 0.0 0.0 0.0 0.0 0.0 0.0 0.0 0.06014692378329067 0.18768493010917597 0.3101214161820255 0.4274563820018399 0.5396898275686187 0.6468217528823622 0.7488521579430699 0.8457810427507423 0.9376084073053791 1.0243342516069807 1.105958575655547 1.1824813794510778 1.253902662993573 1.320222426283033 1.3814406693194576 1.4375573921028466 1.4885725946332005 1.5344862769105188 1.575298438934802 1.611009080706049 1.6416182022242616 1.6685032139577525 1.750127538006318 1.8113457810427416 1.8521579430670236 1.8725640240791641 1.872564024079163 1.85215794306702 1.8113457810427358 1.7501275380063097 1.6685032139577423 1.641618202224258 1.6110090807060455 1.5752984389347975 1.5344862769105139 1.4885725946331951 1.4375573921028408 1.381440669319451 1.3202224262830256 1.253902662993565 1.1824813794510693 1.1059585756555381 1.0243342516069713 0.9376084073053689 0.8457810427507314 0.7488521579430584 0.6468217528823502 0.5396898275686061 0.4274563820018268 0.31012141618201194 0.18768493010916154 0.06014692378327602 0.0 0.0 0.0 0.0 0.0 0.0 0.0 0.0 0.0 0.0 0.0 0.0 0.0 0.0 0.0 0.0 0.0 0.0 0.0 0.0 0.0 0.0 0.0 0.0 
2.3232323232323346 2.3232323232323346 0.0 0.0 0.0 0.0 0.0 0.0 0.0 0.0 0.0 0.0 0.0 0.0 0.0 0.0 0.0 0.0 0.0 0.0 0.0 0.0 0.0 0.0 0.0 0.0 0.004030200999900924 0.13156820732578622 0.25400469339863574 0.37133965921845014 0.48357310478522897 0.5907050300989725 0.6927354351596802 0.7896643199673525 0.8814916845219893 0.968217528823591 1.0498418528721571 1.126364656667688 1.1977859402101834 1.2641057034996432 1.3253239465360678 1.381440669319457 1.4324558718498106 1.4783695541271291 1.519181716151412 1.5548923579226595 1.5855014794408717 1.6110090807060484 1.6314151617181898 1.6467197224772956 1.656922762983366 1.6620242832364012 1.662024283236401 1.6569227629833654 1.6467197224772943 1.6314151617181878 1.6110090807060458 1.5855014794408684 1.5548923579226557 1.5191817161514076 1.4783695541271242 1.4324558718498053 1.381440669319451 1.3253239465360611 1.264105703499636 1.1977859402101754 1.1263646566676795 1.0498418528721483 0.9682175288235815 0.8814916845219791 0.7896643199673417 0.6927354351596686 0.5907050300989605 0.4835731047852163 0.37133965921843703 0.2540046933986222 0.1315682073257718 0.004030200999886269 0.0 0.0 0.0 0.0 0.0 0.0 0.0 0.0 0.0 0.0 0.0 0.0 0.0 0.0 0.0 0.0 0.0 0.0 0.0 0.0 0.0 0.0 0.0 0.0 
2.5252525252525366 2.5252525252525366 0.0 0.0 0.0 0.0 0.0 0.0 0.0 0.0 0.0 0.0 0.0 0.0 0.0 0.0 0.0 0.0 0.0 0.0 0.0 0.0 0.0 0.0 0.0 0.0 0.0 0.07034996428936108 0.1927864503622106 0.310121416182025 0.4223548617488038 0.5294867870625473 0.631517192123255 0.7284460769309273 0.8202734414855641 0.9069992857871658 0.9886236098357319 1.0651464136312627 1.1365676971737582 1.202887460463218 1.2641057034996426 1.3202224262830318 1.3712376288133854 1.417151311090704 1.4579634731149869 1.4936741148862342 1.5242832364044465 1.5497908376696232 1.5701969186817646 1.5855014794408704 1.5957045199469408 1.600806040199976 1.6008060401999757 1.5957045199469402 1.585501479440869 1.5701969186817626 1.5497908376696206 1.5242832364044432 1.4936741148862305 1.4579634731149824 1.417151311090699 1.37123762881338 1.3202224262830258 1.264105703499636 1.2028874604632107 1.1365676971737502 1.0651464136312543 0.9886236098357231 0.9069992857871563 0.8202734414855539 0.7284460769309165 0.6315171921232434 0.5294867870625353 0.42235486174879117 0.3101214161820119 0.19278645036219705 0.07034996428934664 0.0 0.0 0.0 0.0 0.0 0.0 0.0 0.0 0.0 0.0 0.0 0.0 0.0 0.0 0.0 0.0 0.0 0.0 0.0 0.0 0.0 0.0 0.0 0.0 0.0 
2.7272727272727386 2.7272727272727386 0.0 0.0 0.0 0.0 0.0 0.0 0.0 0.0 0.0 0.0 0.0 0.0 0.0 0.0 0.0 0.0 0.0 0.0 0.0 0.0 0.0 0.0 0.0 0.0 0.0 0.004030200999900535 0.12646668707275005 0.24380165289256445 0.3560350984593433 0.4631670237730868 0.5651974288337944 0.6621263136414668 0.7539536781961036 0.8406795224977053 0.9223038465462714 0.9988266503418022 1.0702479338842976 1.1365676971737575 1.197785940210182 1.2539026629935712 1.3049178655239249 1.3508315478012434 1.3916437098255263 1.4273543515967737 1.457963473114986 1.4834710743801627 1.503877155392304 1.5191817161514098 1.5293847566574803 1.5344862769105154 1.5344862769105152 1.5293847566574796 1.5191817161514085 1.503877155392302 1.48347107438016 1.4579634731149826 1.42735435159677 1.3916437098255219 1.3508315478012385 1.3049178655239195 1.2539026629935652 1.1977859402101754 1.1365676971737502 1.0702479338842896 0.9988266503417937 0.9223038465462625 0.8406795224976957 0.7539536781960934 0.6621263136414559 0.5651974288337829 0.4631670237730748 0.3560350984593306 0.24380165289255135 0.1264666870727365 0.004030200999886102 0.0 0.0 0.0 0.0 0.0 0.0 0.0 0.0 0.0 0.0 0.0 0.0 0.0 0.0 0.0 0.0 0.0 0.0 0.0 0.0 0.0 0.0 0.0 0.0 0.0 
2.9292929292929406 2.9292929292929406 0.0 0.0 0.0 0.0 0.0 0.0 0.0 0.0 0.0 0.0 0.0 0.0 0.0 0.0 0.0 0.0 0.0 0.0 0.0 0.0 0.0 0.0 0.0 0.0 0.0 0.0 0.05504540353025411 0.1723803693500685 0.28461381491684734 0.39174574023059083 0.49377614529129854 0.5907050300989709 0.6825323946536077 0.7692582389552094 0.8508825630037755 0.9274053667993063 0.9988266503418017 1.0651464136312616 1.1263646566676861 1.1824813794510753 1.233496581981429 1.2794102642587475 1.3202224262830304 1.3559330680542778 1.38654218957249 1.4120497908376668 1.4324558718498082 1.447760432608914 1.4579634731149844 1.4630649933680195 1.4630649933680193 1.4579634731149838 1.4477604326089126 1.4324558718498062 1.4120497908376641 1.3865421895724868 1.355933068054274 1.320222426283026 1.2794102642587426 1.2334965819814236 1.1824813794510693 1.1263646566676795 1.0651464136312543 0.9988266503417937 0.9274053667992979 0.8508825630037666 0.7692582389551998 0.6825323946535975 0.59070503009896 0.493776145291287 0.39174574023057884 0.2846138149168347 0.1723803693500554 0.055045403530240566 0.0 0.0 0.0 0.0 0.0 0.0 0.0 0.0 0.0 0.0 0.0 0.0 0.0 0.0 0.0 0.0 0.0 0.0 0.0 0.0 0.0 0.0 0.0 0.0 0.0 0.0 
3.1313131313131426 3.1313131313131426 0.0 0.0 0.0 0.0 0.0 0.0 0.0 0.0 0.0 0.0 0.0 0.0 0.0 0.0 0.0 0.0 0.0 0.0 0.0 0.0 0.0 0.0 0.0 0.0 0.0 0.0 0.0 0.09585756555453717 0.208091011121316 0.3152229364350595 0.4172533414957672 0.5141822263034396 0.6060095908580764 0.6927354351596781 0.7743597592082442 0.850882563003775 0.9223038465462704 0.9886236098357303 1.049841852872155 1.105958575655544 1.1569737781858977 1.202887460463216 1.2436996224874992 1.2794102642587464 1.3100193857769589 1.3355269870421353 1.3559330680542767 1.3712376288133825 1.3814406693194532 1.3865421895724883 1.3865421895724879 1.3814406693194523 1.3712376288133812 1.355933068054275 1.3355269870421327 1.3100193857769553 1.2794102642587428 1.2436996224874948 1.2028874604632112 1.1569737781858924 1.1059585756555381 1.0498418528721483 0.988623609835723 0.9223038465462624 0.8508825630037665 0.7743597592082353 0.6927354351596685 0.6060095908580662 0.5141822263034287 0.41725334149575566 0.3152229364350475 0.20809101112130335 0.09585756555452407 0.0 0.0 0.0 0.0 0.0 0.0 0.0 0.0 0.0 0.0 0.0 0.0 0.0 0.0 0.0 0.0 0.0 0.0 0.0 0.0 0.0 0.0 0.0 0.0 0.0 0.0 0.0 
3.3333333333333446 3.3333333333333446 0.0 0.0 0.0 0.0 0.0 0.0 0.0 0.0 0.0 0.0 0.0 0.0 0.0 0.0 0.0 0.0 0.0 0.0 0.0 0.0 0.0 0.0 0.0 0.0 0.0 0.0 0.0 0.014233241505970495 0.12646668707274933 0.23359861238649282 0.33562901744720053 0.4325579022548729 0.5243852668095097 0.6111111111111114 0.6927354351596775 0.7692582389552083 0.8406795224977037 0.9069992857871636 0.9682175288235881 1.0243342516069773 1.075349454137331 1.1212631364146495 1.1620752984389324 1.1977859402101798 1.228395061728392 1.2539026629935688 1.2743087440057101 1.289613304764816 1.2998163452708864 1.3049178655239215 1.3049178655239213 1.2998163452708857 1.2896133047648146 1.2743087440057081 1.2539026629935661 1.2283950617283887 1.197785940210176 1.162075298438928 1.1212631364146446 1.0753494541373256 1.0243342516069713 0.9682175288235815 0.9069992857871563 0.8406795224976957 0.7692582389551998 0.6927354351596686 0.6111111111111018 0.5243852668094995 0.432557902254862 0.335629017447189 0.23359861238648083 0.12646668707273667 0.014233241505957395 0.0 0.0 0.0 0.0 0.0 0.0 0.0 0.0 0.0 0.0 0.0 0.0 0.0 0.0 0.0 0.0 0.0 0.0 0.0 0.0 0.0 0.0 0.0 0.0 0.0 0.0 0.0 
3.5353535353535466 3.5353535353535466 0.0 0.0 0.0 0.0 0.0 0.0 0.0 0.0 0.0 0.0 0.0 0.0 0.0 0.0 0.0 0.0 0.0 0.0 0.0 0.0 0.0 0.0 0.0 0.0 0.0 0.0 0.0 0.0 0.03974084277114709 0.14687276808489058 0.2489031731455983 0.34583205795327066 0.43765942250790746 0.5243852668095091 0.6060095908580753 0.682532394653606 0.7539536781961015 0.8202734414855614 0.8814916845219859 0.9376084073053751 0.9886236098357287 1.0345372921130473 1.07534945413733 1.1110600959085777 1.1416692174267897 1.1671768186919667 1.187582899704108 1.2028874604632138 1.213090500969284 1.2181920212223192 1.2181920212223192 1.2130905009692836 1.2028874604632125 1.1875828997041058 1.167176818691964 1.1416692174267866 1.1110600959085737 1.0753494541373256 1.0345372921130425 0.9886236098357234 0.9376084073053691 0.8814916845219792 0.820273441485554 0.7539536781960935 0.6825323946535976 0.6060095908580664 0.5243852668094996 0.43765942250789724 0.3458320579532598 0.24890317314558674 0.1468727680848786 0.03974084277113443 0.0 0.0 0.0 0.0 0.0 0.0 0.0 0.0 0.0 0.0 0.0 0.0 0.0 0.0 0.0 0.0 0.0 0.0 0.0 0.0 0.0 0.0 0.0 0.0 0.0 0.0 0.0 0.0 
3.7373737373737486 3.7373737373737486 0.0 0.0 0.0 0.0 0.0 0.0 0.0 0.0 0.0 0.0 0.0 0.0 0.0 0.0 0.0 0.0 0.0 0.0 0.0 0.0 0.0 0.0 0.0 0.0 0.0 0.0 0.0 0.0 0.0 0.05504540353025311 0.15707580859096082 0.2540046933986332 0.34583205795327 0.4325579022548717 0.5141822263034378 0.5907050300989686 0.662126313641464 0.7284460769309239 0.7896643199673484 0.8457810427507376 0.8967962452810913 0.9427099275584098 0.9835220895826927 1.0192327313539402 1.0498418528721523 1.0753494541373292 1.0957555351494705 1.1110600959085764 1.1212631364146466 1.1263646566676817 1.1263646566676817 1.1212631364146461 1.111060095908575 1.0957555351494683 1.0753494541373265 1.0498418528721492 1.0192327313539362 0.9835220895826883 0.9427099275584049 0.8967962452810859 0.8457810427507316 0.7896643199673418 0.7284460769309166 0.662126313641456 0.5907050300989601 0.5141822263034289 0.4325579022548621 0.3458320579532598 0.2540046933986223 0.15707580859094927 0.05504540353024112 0.0 0.0 0.0 0.0 0.0 0.0 0.0 0.0 0.0 0.0 0.0 0.0 0.0 0.0 0.0 0.0 0.0 0.0 0.0 0.0 0.0 0.0 0.0 0.0 0.0 0.0 0.0 0.0 0.0 
3.9393939393939505 3.9393939393939505 0.0 0.0 0.0 0.0 0.0 0.0 0.0 0.0 0.0 0.0 0.0 0.0 0.0 0.0 0.0 0.0 0.0 0.0 0.0 0.0 0.0 0.0 0.0 0.0 0.0 0.0 0.0 0.0 0.0 0.0 0.06014692378328779 0.15707580859096015 0.24890317314559696 0.33562901744719864 0.41725334149576476 0.49377614529129554 0.565197428833791 0.6315171921232509 0.6927354351596754 0.7488521579430646 0.7998673604734182 0.8457810427507367 0.8865932047750197 0.9223038465462671 0.9529129680644793 0.978420569329656 0.9988266503417974 1.0141312111009033 1.0243342516069736 1.0294357718600087 1.0294357718600087 1.0243342516069731 1.014131211100902 0.9988266503417954 0.9784205693296534 0.952912968064476 0.9223038465462633 0.8865932047750152 0.8457810427507318 0.7998673604734129 0.7488521579430586 0.6927354351596687 0.6315171921232435 0.565197428833783 0.4937761452912871 0.4172533414957559 0.3356290174471891 0.24890317314558674 0.15707580859094927 0.06014692378327624 0.0 0.0 0.0 0.0 0.0 0.0 0.0 0.0 0.0 0.0 0.0 0.0 0.0 0.0 0.0 0.0 0.0 0.0 0.0 0.0 0.0 0.0 0.0 0.0 0.0 0.0 0.0 0.0 0.0 0.0 
4.1414141414141525 4.1414141414141525 0.0 0.0 0.0 0.0 0.0 0.0 0.0 0.0 0.0 0.0 0.0 0.0 0.0 0.0 0.0 0.0 0.0 0.0 0.0 0.0 0.0 0.0 0.0 0.0 0.0 0.0 0.0 0.0 0.0 0.0 0.0 0.05504540353025189 0.1468727680848887 0.23359861238649038 0.3152229364350565 0.3917457402305873 0.4631670237730827 0.5294867870625426 0.5907050300989671 0.6468217528823563 0.69783695541271 0.7437506376900285 0.7845627997143114 0.8202734414855588 0.8508825630037711 0.8763901642689478 0.8967962452810891 0.912100806040195 0.9223038465462654 0.9274053667993005 0.9274053667993003 0.9223038465462647 0.9121008060401936 0.8967962452810871 0.8763901642689451 0.8508825630037677 0.820273441485555 0.784562799714307 0.7437506376900236 0.6978369554127046 0.6468217528823503 0.5907050300989605 0.5294867870625353 0.4631670237730747 0.39174574023057884 0.3152229364350476 0.23359861238648083 0.14687276808487848 0.05504540353024101 0.0 0.0 0.0 0.0 0.0 0.0 0.0 0.0 0.0 0.0 0.0 0.0 0.0 0.0 0.0 0.0 0.0 0.0 0.0 0.0 0.0 0.0 0.0 0.0 0.0 0.0 0.0 0.0 0.0 0.0 0.0 
4.343434343434355 4.343434343434355 0.0 0.0 0.0 0.0 0.0 0.0 0.0 0.0 0.0 0.0 0.0 0.0 0.0 0.0 0.0 0.0 0.0 0.0 0.0 0.0 0.0 0.0 0.0 0.0 0.0 0.0 0.0 0.0 0.0 0.0 0.0 0.0 0.039740842771144536 0.12646668707274622 0.20809101112131234 0.2846138149168431 0.35603509845933856 0.42235486174879844 0.483573104785223 0.5396898275686122 0.5907050300989658 0.6366187123762843 0.6774308744005673 0.7131415161718146 0.7437506376900269 0.7692582389552036 0.789664319967345 0.8049688807264508 0.8151719212325212 0.8202734414855564 0.8202734414855561 0.8151719212325206 0.8049688807264495 0.789664319967343 0.769258238955201 0.7437506376900236 0.7131415161718109 0.6774308744005628 0.6366187123762794 0.5907050300989605 0.5396898275686062 0.4835731047852163 0.4223548617487911 0.35603509845933057 0.2846138149168347 0.20809101112130346 0.12646668707273667 0.03974084277113432 0.0 0.0 0.0 0.0 0.0 0.0 0.0 0.0 0.0 0.0 0.0 0.0 0.0 0.0 0.0 0.0 0.0 0.0 0.0 0.0 0.0 0.0 0.0 0.0 0.0 0.0 0.0 0.0 0.0 0.0 0.0 0.0 
4.545454545454557 4.545454545454557 0.0 0.0 0.0 0.0 0.0 0.0 0.0 0.0 0.0 0.0 0.0 0.0 0.0 0.0 0.0 0.0 0.0 0.0 0.0 0.0 0.0 0.0 0.0 0.0 0.0 0.0 0.0 0.0 0.0 0.0 0.0 0.0 0.0 0.014233241505966943 0.09585756555453306 0.17238036935006384 0.24380165289255928 0.31012141618201916 0.3713396592184437 0.4274563820018329 0.4784715845321865 0.524385266809505 0.565197428833788 0.6009080706050354 0.6315171921232476 0.6570247933884243 0.6774308744005657 0.6927354351596715 0.702938475665742 0.7080399959187771 0.7080399959187769 0.7029384756657413 0.6927354351596702 0.6774308744005637 0.6570247933884217 0.6315171921232443 0.6009080706050316 0.5651974288337835 0.5243852668095002 0.4784715845321812 0.4274563820018269 0.37133965921843703 0.31012141618201183 0.2438016528925513 0.1723803693500554 0.09585756555452418 0.014233241505957395 0.0 0.0 0.0 0.0 0.0 0.0 0.0 0.0 0.0 0.0 0.0 0.0 0.0 0.0 0.0 0.0 0.0 0.0 0.0 0.0 0.0 0.0 0.0 0.0 0.0 0.0 0.0 0.0 0.0 0.0 0.0 0.0 0.0 
4.74747474747476 4.74747474747476 0.0 0.0 0.0 0.0 0.0 0.0 0.0 0.0 0.0 0.0 0.0 0.0 0.0 0.0 0.0 0.0 0.0 0.0 0.0 0.0 0.0 0.0 0.0 0.0 0.0 0.0 0.0 0.0 0.0 0.0 0.0 0.0 0.0 0.0 0.0 0.055045403530249004 0.12646668707274444 0.19278645036220432 0.25400469339862886 0.31012141618201805 0.3611366187123717 0.4070503009896902 0.44786246301397314 0.48357310478522053 0.5141822263034328 0.5396898275686095 0.5600959085807509 0.5754004693398567 0.5856035098459271 0.5907050300989622 0.590705030098962 0.5856035098459265 0.5754004693398553 0.5600959085807489 0.5396898275686068 0.5141822263034295 0.48357310478521676 0.4478624630139687 0.4070503009896853 0.36113661871236635 0.31012141618201206 0.2540046933986222 0.192786450362197 0.12646668707273645 0.055045403530240566 0.0 0.0 0.0 0.0 0.0 0.0 0.0 0.0 0.0 0.0 0.0 0.0 0.0 0.0 0.0 0.0 0.0 0.0 0.0 0.0 0.0 0.0 0.0 0.0 0.0 0.0 0.0 0.0 0.0 0.0 0.0 0.0 0.0 0.0 0.0 
4.949494949494962 4.949494949494962 0.0 0.0 0.0 0.0 0.0 0.0 0.0 0.0 0.0 0.0 0.0 0.0 0.0 0.0 0.0 0.0 0.0 0.0 0.0 0.0 0.0 0.0 0.0 0.0 0.0 0.0 0.0 0.0 0.0 0.0 0.0 0.0 0.0 0.0 0.0 0.0 0.00403020099989404 0.07034996428935392 0.13156820732577845 0.18768493010916765 0.23870013263952128 0.2846138149168398 0.32542597694112274 0.3611366187123701 0.3917457402305824 0.4172533414957591 0.43765942250790046 0.45296398326700626 0.4631670237730767 0.46826854402611184 0.4682685440261116 0.46316702377307606 0.45296398326700493 0.43765942250789847 0.41725334149575644 0.39174574023057906 0.36113661871236635 0.3254259769411183 0.2846138149168349 0.23870013263951595 0.18768493010916165 0.1315682073257718 0.07034996428934659 0.004030200999886047 0.0 0.0 0.0 0.0 0.0 0.0 0.0 0.0 0.0 0.0 0.0 0.0 0.0 0.0 0.0 0.0 0.0 0.0 0.0 0.0 0.0 0.0 0.0 0.0 0.0 0.0 0.0 0.0 0.0 0.0 0.0 0.0 0.0 0.0 0.0 0.0 
5.151515151515165 5.151515151515165 0.0 0.0 0.0 0.0 0.0 0.0 0.0 0.0 0.0 0.0 0.0 0.0 0.0 0.0 0.0 0.0 0.0 0.0 0.0 0.0 0.0 0.0 0.0 0.0 0.0 0.0 0.0 0.0 0.0 0.0 0.0 0.0 0.0 0.0 0.0 0.0 0.0 0.0 0.00403020099989293 0.060146923783282125 0.11116212631363576 0.15707580859095427 0.19788797061523722 0.2335986123864846 0.2642077339046969 0.2897153351698736 0.31012141618201494 0.32542597694112074 0.3356290174471912 0.3407305377002263 0.3407305377002261 0.33562901744719054 0.3254259769411194 0.31012141618201294 0.2897153351698709 0.26420773390469354 0.23359861238648083 0.19788797061523278 0.15707580859094938 0.11116212631363043 0.06014692378327613 0.004030200999886269 0.0 0.0 0.0 0.0 0.0 0.0 0.0 0.0 0.0 0.0 0.0 0.0 0.0 0.0 0.0 0.0 0.0 0.0 0.0 0.0 0.0 0.0 0.0 0.0 0.0 0.0 0.0 0.0 0.0 0.0 0.0 0.0 0.0 0.0 0.0 0.0 0.0 0.0 
5.353535353535367 5.353535353535367 0.0 0.0 0.0 0.0 0.0 0.0 0.0 0.0 0.0 0.0 0.0 0.0 0.0 0.0 0.0 0.0 0.0 0.0 0.0 0.0 0.0 0.0 0.0 0.0 0.0 0.0 0.0 0.0 0.0 0.0 0.0 0.0 0.0 0.0 0.0 0.0 0.0 0.0 0.0 0.0 0.0 0.02443628201203296 0.06524844403631591 0.1009590858075633 0.13156820732577557 0.15707580859095227 0.17748188960309363 0.19278645036219944 0.2029894908682699 0.20809101112130501 0.2080910111213048 0.20298949086826923 0.1927864503621981 0.17748188960309164 0.1570758085909496 0.13156820732577224 0.10095908580755952 0.06524844403631147 0.024436282012028077 0.0 0.0 0.0 0.0 0.0 0.0 0.0 0.0 0.0 0.0 0.0 0.0 0.0 0.0 0.0 0.0 0.0 0.0 0.0 0.0 0.0 0.0 0.0 0.0 0.0 0.0 0.0 0.0 0.0 0.0 0.0 0.0 0.0 0.0 0.0 0.0 0.0 0.0 0.0 0.0 0.0 
5.55555555555557 5.55555555555557 0.0 0.0 0.0 0.0 0.0 0.0 0.0 0.0 0.0 0.0 0.0 0.0 0.0 0.0 0.0 0.0 0.0 0.0 0.0 0.0 0.0 0.0 0.0 0.0 0.0 0.0 0.0 0.0 0.0 0.0 0.0 0.0 0.0 0.0 0.0 0.0 0.0 0.0 0.0 0.0 0.0 0.0 0.0 0.0 0.0 0.019334761758995844 0.03974084277113721 0.05504540353024301 0.06524844403631347 0.07034996428934859 0.07034996428934837 0.0652484440363128 0.05504540353024168 0.03974084277113521 0.01933476175899318 0.0 0.0 0.0 0.0 0.0 0.0 0.0 0.0 0.0 0.0 0.0 0.0 0.0 0.0 0.0 0.0 0.0 0.0 0.0 0.0 0.0 0.0 0.0 0.0 0.0 0.0 0.0 0.0 0.0 0.0 0.0 0.0 0.0 0.0 0.0 0.0 0.0 0.0 0.0 0.0 0.0 0.0 0.0 0.0 0.0 
5.757575757575772 5.757575757575772 0.0 0.0 0.0 0.0 0.0 0.0 0.0 0.0 0.0 0.0 0.0 0.0 0.0 0.0 0.0 0.0 0.0 0.0 0.0 0.0 0.0 0.0 0.0 0.0 0.0 0.0 0.0 0.0 0.0 0.0 0.0 0.0 0.0 0.0 0.0 0.0 0.0 0.0 0.0 0.0 0.0 0.0 0.0 0.0 0.0 0.0 0.0 0.0 0.0 0.0 0.0 0.0 0.0 0.0 0.0 0.0 0.0 0.0 0.0 0.0 0.0 0.0 0.0 0.0 0.0 0.0 0.0 0.0 0.0 0.0 0.0 0.0 0.0 0.0 0.0 0.0 0.0 0.0 0.0 0.0 0.0 0.0 0.0 0.0 0.0 0.0 0.0 0.0 0.0 0.0 0.0 0.0 0.0 0.0 0.0 0.0 0.0 0.0 0.0 0.0 
5.959595959595974 5.959595959595974 0.0 0.0 0.0 0.0 0.0 0.0 0.0 0.0 0.0 0.0 0.0 0.0 0.0 0.0 0.0 0.0 0.0 0.0 0.0 0.0 0.0 0.0 0.0 0.0 0.0 0.0 0.0 0.0 0.0 0.0 0.0 0.0 0.0 0.0 0.0 0.0 0.0 0.0 0.0 0.0 0.0 0.0 0.0 0.0 0.0 0.0 0.0 0.0 0.0 0.0 0.0 0.0 0.0 0.0 0.0 0.0 0.0 0.0 0.0 0.0 0.0 0.0 0.0 0.0 0.0 0.0 0.0 0.0 0.0 0.0 0.0 0.0 0.0 0.0 0.0 0.0 0.0 0.0 0.0 0.0 0.0 0.0 0.0 0.0 0.0 0.0 0.0 0.0 0.0 0.0 0.0 0.0 0.0 0.0 0.0 0.0 0.0 0.0 0.0 0.0 
6.161616161616177 6.161616161616177 0.0 0.0 0.0 0.0 0.0 0.0 0.0 0.0 0.0 0.0 0.0 0.0 0.0 0.0 0.0 0.0 0.0 0.0 0.0 0.0 0.0 0.0 0.0 0.0 0.0 0.0 0.0 0.0 0.0 0.0 0.0 0.0 0.0 0.0 0.0 0.0 0.0 0.0 0.0 0.0 0.0 0.0 0.0 0.0 0.0 0.0 0.0 0.0 0.0 0.0 0.0 0.0 0.0 0.0 0.0 0.0 0.0 0.0 0.0 0.0 0.0 0.0 0.0 0.0 0.0 0.0 0.0 0.0 0.0 0.0 0.0 0.0 0.0 0.0 0.0 0.0 0.0 0.0 0.0 0.0 0.0 0.0 0.0 0.0 0.0 0.0 0.0 0.0 0.0 0.0 0.0 0.0 0.0 0.0 0.0 0.0 0.0 0.0 0.0 0.0 
6.363636363636379 6.363636363636379 0.0 0.0 0.0 0.0 0.0 0.0 0.0 0.0 0.0 0.0 0.0 0.0 0.0 0.0 0.0 0.0 0.0 0.0 0.0 0.0 0.0 0.0 0.0 0.0 0.0 0.0 0.0 0.0 0.0 0.0 0.0 0.0 0.0 0.0 0.0 0.0 0.0 0.0 0.0 0.0 0.0 0.0 0.0 0.0 0.0 0.0 0.0 0.0 0.0 0.0 0.0 0.0 0.0 0.0 0.0 0.0 0.0 0.0 0.0 0.0 0.0 0.0 0.0 0.0 0.0 0.0 0.0 0.0 0.0 0.0 0.0 0.0 0.0 0.0 0.0 0.0 0.0 0.0 0.0 0.0 0.0 0.0 0.0 0.0 0.0 0.0 0.0 0.0 0.0 0.0 0.0 0.0 0.0 0.0 0.0 0.0 0.0 0.0 0.0 0.0 
6.565656565656582 6.565656565656582 0.0 0.0 0.0 0.0 0.0 0.0 0.0 0.0 0.0 0.0 0.0 0.0 0.0 0.0 0.0 0.0 0.0 0.0 0.0 0.0 0.0 0.0 0.0 0.0 0.0 0.0 0.0 0.0 0.0 0.0 0.0 0.0 0.0 0.0 0.0 0.0 0.0 0.0 0.0 0.0 0.0 0.0 0.0 0.0 0.0 0.0 0.0 0.0 0.0 0.0 0.0 0.0 0.0 0.0 0.0 0.0 0.0 0.0 0.0 0.0 0.0 0.0 0.0 0.0 0.0 0.0 0.0 0.0 0.0 0.0 0.0 0.0 0.0 0.0 0.0 0.0 0.0 0.0 0.0 0.0 0.0 0.0 0.0 0.0 0.0 0.0 0.0 0.0 0.0 0.0 0.0 0.0 0.0 0.0 0.0 0.0 0.0 0.0 0.0 0.0 
6.767676767676784 6.767676767676784 0.0 0.0 0.0 0.0 0.0 0.0 0.0 0.0 0.0 0.0 0.0 0.0 0.0 0.0 0.0 0.0 0.0 0.0 0.0 0.0 0.0 0.0 0.0 0.0 0.0 0.0 0.0 0.0 0.0 0.0 0.0 0.0 0.0 0.0 0.0 0.0 0.0 0.0 0.0 0.0 0.0 0.0 0.0 0.0 0.0 0.0 0.0 0.0 0.0 0.0 0.0 0.0 0.0 0.0 0.0 0.0 0.0 0.0 0.0 0.0 0.0 0.0 0.0 0.0 0.0 0.0 0.0 0.0 0.0 0.0 0.0 0.0 0.0 0.0 0.0 0.0 0.0 0.0 0.0 0.0 0.0 0.0 0.0 0.0 0.0 0.0 0.0 0.0 0.0 0.0 0.0 0.0 0.0 0.0 0.0 0.0 0.0 0.0 0.0 0.0 
6.969696969696987 6.969696969696987 0.0 0.0 0.0 0.0 0.0 0.0 0.0 0.0 0.0 0.0 0.0 0.0 0.0 0.0 0.0 0.0 0.0 0.0 0.0 0.0 0.0 0.0 0.0 0.0 0.0 0.0 0.0 0.0 0.0 0.0 0.0 0.0 0.0 0.0 0.0 0.0 0.0 0.0 0.0 0.0 0.0 0.0 0.0 0.0 0.0 0.0 0.0 0.0 0.0 0.0 0.0 0.0 0.0 0.0 0.0 0.0 0.0 0.0 0.0 0.0 0.0 0.0 0.0 0.0 0.0 0.0 0.0 0.0 0.0 0.0 0.0 0.0 0.0 0.0 0.0 0.0 0.0 0.0 0.0 0.0 0.0 0.0 0.0 0.0 0.0 0.0 0.0 0.0 0.0 0.0 0.0 0.0 0.0 0.0 0.0 0.0 0.0 0.0 0.0 0.0 
7.171717171717189 7.171717171717189 0.0 0.0 0.0 0.0 0.0 0.0 0.0 0.0 0.0 0.0 0.0 0.0 0.0 0.0 0.0 0.0 0.0 0.0 0.0 0.0 0.0 0.0 0.0 0.0 0.0 0.0 0.0 0.0 0.0 0.0 0.0 0.0 0.0 0.0 0.0 0.0 0.0 0.0 0.0 0.0 0.0 0.0 0.0 0.0 0.0 0.0 0.0 0.0 0.0 0.0 0.0 0.0 0.0 0.0 0.0 0.0 0.0 0.0 0.0 0.0 0.0 0.0 0.0 0.0 0.0 0.0 0.0 0.0 0.0 0.0 0.0 0.0 0.0 0.0 0.0 0.0 0.0 0.0 0.0 0.0 0.0 0.0 0.0 0.0 0.0 0.0 0.0 0.0 0.0 0.0 0.0 0.0 0.0 0.0 0.0 0.0 0.0 0.0 0.0 0.0 
7.3737373737373915 7.3737373737373915 0.0 0.0 0.0 0.0 0.0 0.0 0.0 0.0 0.0 0.0 0.0 0.0 0.0 0.0 0.0 0.0 0.0 0.0 0.0 0.0 0.0 0.0 0.0 0.0 0.0 0.0 0.0 0.0 0.0 0.0 0.0 0.0 0.0 0.0 0.0 0.0 0.0 0.0 0.0 0.0 0.0 0.0 0.0 0.0 0.0 0.0 0.0 0.0 0.0 0.0 0.0 0.0 0.0 0.0 0.0 0.0 0.0 0.0 0.0 0.0 0.0 0.0 0.0 0.0 0.0 0.0 0.0 0.0 0.0 0.0 0.0 0.0 0.0 0.0 0.0 0.0 0.0 0.0 0.0 0.0 0.0 0.0 0.0 0.0 0.0 0.0 0.0 0.0 0.0 0.0 0.0 0.0 0.0 0.0 0.0 0.0 0.0 0.0 0.0 0.0 
7.575757575757594 7.575757575757594 0.0 0.0 0.0 0.0 0.0 0.0 0.0 0.0 0.0 0.0 0.0 0.0 0.0 0.0 0.0 0.0 0.0 0.0 0.0 0.0 0.0 0.0 0.0 0.0 0.0 0.0 0.0 0.0 0.0 0.0 0.0 0.0 0.0 0.0 0.0 0.0 0.0 0.0 0.0 0.0 0.0 0.0 0.0 0.0 0.0 0.0 0.0 0.0 0.0 0.0 0.0 0.0 0.0 0.0 0.0 0.0 0.0 0.0 0.0 0.0 0.0 0.0 0.0 0.0 0.0 0.0 0.0 0.0 0.0 0.0 0.0 0.0 0.0 0.0 0.0 0.0 0.0 0.0 0.0 0.0 0.0 0.0 0.0 0.0 0.0 0.0 0.0 0.0 0.0 0.0 0.0 0.0 0.0 0.0 0.0 0.0 0.0 0.0 0.0 0.0 
7.777777777777796 7.777777777777796 0.0 0.0 0.0 0.0 0.0 0.0 0.0 0.0 0.0 0.0 0.0 0.0 0.0 0.0 0.0 0.0 0.0 0.0 0.0 0.0 0.0 0.0 0.0 0.0 0.0 0.0 0.0 0.0 0.0 0.0 0.0 0.0 0.0 0.0 0.0 0.0 0.0 0.0 0.0 0.0 0.0 0.0 0.0 0.0 0.0 0.0 0.0 0.0 0.0 0.0 0.0 0.0 0.0 0.0 0.0 0.0 0.0 0.0 0.0 0.0 0.0 0.0 0.0 0.0 0.0 0.0 0.0 0.0 0.0 0.0 0.0 0.0 0.0 0.0 0.0 0.0 0.0 0.0 0.0 0.0 0.0 0.0 0.0 0.0 0.0 0.0 0.0 0.0 0.0 0.0 0.0 0.0 0.0 0.0 0.0 0.0 0.0 0.0 0.0 0.0 
7.979797979797999 7.979797979797999 0.0 0.0 0.0 0.0 0.0 0.0 0.0 0.0 0.0 0.0 0.0 0.0 0.0 0.0 0.0 0.0 0.0 0.0 0.0 0.0 0.0 0.0 0.0 0.0 0.0 0.0 0.0 0.0 0.0 0.0 0.0 0.0 0.0 0.0 0.0 0.0 0.0 0.0 0.0 0.0 0.0 0.0 0.0 0.0 0.0 0.0 0.0 0.0 0.0 0.0 0.0 0.0 0.0 0.0 0.0 0.0 0.0 0.0 0.0 0.0 0.0 0.0 0.0 0.0 0.0 0.0 0.0 0.0 0.0 0.0 0.0 0.0 0.0 0.0 0.0 0.0 0.0 0.0 0.0 0.0 0.0 0.0 0.0 0.0 0.0 0.0 0.0 0.0 0.0 0.0 0.0 0.0 0.0 0.0 0.0 0.0 0.0 0.0 0.0 0.0 
8.181818181818201 8.181818181818201 0.0 0.0 0.0 0.0 0.0 0.0 0.0 0.0 0.0 0.0 0.0 0.0 0.0 0.0 0.0 0.0 0.0 0.0 0.0 0.0 0.0 0.0 0.0 0.0 0.0 0.0 0.0 0.0 0.0 0.0 0.0 0.0 0.0 0.0 0.0 0.0 0.0 0.0 0.0 0.0 0.0 0.0 0.0 0.0 0.0 0.0 0.0 0.0 0.0 0.0 0.0 0.0 0.0 0.0 0.0 0.0 0.0 0.0 0.0 0.0 0.0 0.0 0.0 0.0 0.0 0.0 0.0 0.0 0.0 0.0 0.0 0.0 0.0 0.0 0.0 0.0 0.0 0.0 0.0 0.0 0.0 0.0 0.0 0.0 0.0 0.0 0.0 0.0 0.0 0.0 0.0 0.0 0.0 0.0 0.0 0.0 0.0 0.0 0.0 0.0 
8.383838383838404 8.383838383838404 0.0 0.0 0.0 0.0 0.0 0.0 0.0 0.0 0.0 0.0 0.0 0.0 0.0 0.0 0.0 0.0 0.0 0.0 0.0 0.0 0.0 0.0 0.0 0.0 0.0 0.0 0.0 0.0 0.0 0.0 0.0 0.0 0.0 0.0 0.0 0.0 0.0 0.0 0.0 0.0 0.0 0.0 0.0 0.0 0.0 0.0 0.0 0.0 0.0 0.0 0.0 0.0 0.0 0.0 0.0 0.0 0.0 0.0 0.0 0.0 0.0 0.0 0.0 0.0 0.0 0.0 0.0 0.0 0.0 0.0 0.0 0.0 0.0 0.0 0.0 0.0 0.0 0.0 0.0 0.0 0.0 0.0 0.0 0.0 0.0 0.0 0.0 0.0 0.0 0.0 0.0 0.0 0.0 0.0 0.0 0.0 0.0 0.0 0.0 0.0 
8.585858585858606 8.585858585858606 0.0 0.0 0.0 0.0 0.0 0.0 0.0 0.0 0.0 0.0 0.0 0.0 0.0 0.0 0.0 0.0 0.0 0.0 0.0 0.0 0.0 0.0 0.0 0.0 0.0 0.0 0.0 0.0 0.0 0.0 0.0 0.0 0.0 0.0 0.0 0.0 0.0 0.0 0.0 0.0 0.0 0.0 0.0 0.0 0.0 0.0 0.0 0.0 0.0 0.0 0.0 0.0 0.0 0.0 0.0 0.0 0.0 0.0 0.0 0.0 0.0 0.0 0.0 0.0 0.0 0.0 0.0 0.0 0.0 0.0 0.0 0.0 0.0 0.0 0.0 0.0 0.0 0.0 0.0 0.0 0.0 0.0 0.0 0.0 0.0 0.0 0.0 0.0 0.0 0.0 0.0 0.0 0.0 0.0 0.0 0.0 0.0 0.0 0.0 0.0 
8.787878787878808 8.787878787878808 0.0 0.0 0.0 0.0 0.0 0.0 0.0 0.0 0.0 0.0 0.0 0.0 0.0 0.0 0.0 0.0 0.0 0.0 0.0 0.0 0.0 0.0 0.0 0.0 0.0 0.0 0.0 0.0 0.0 0.0 0.0 0.0 0.0 0.0 0.0 0.0 0.0 0.0 0.0 0.0 0.0 0.0 0.0 0.0 0.0 0.0 0.0 0.0 0.0 0.0 0.0 0.0 0.0 0.0 0.0 0.0 0.0 0.0 0.0 0.0 0.0 0.0 0.0 0.0 0.0 0.0 0.0 0.0 0.0 0.0 0.0 0.0 0.0 0.0 0.0 0.0 0.0 0.0 0.0 0.0 0.0 0.0 0.0 0.0 0.0 0.0 0.0 0.0 0.0 0.0 0.0 0.0 0.0 0.0 0.0 0.0 0.0 0.0 0.0 0.0 
8.989898989899011 8.989898989899011 0.0 0.0 0.0 0.0 0.0 0.0 0.0 0.0 0.0 0.0 0.0 0.0 0.0 0.0 0.0 0.0 0.0 0.0 0.0 0.0 0.0 0.0 0.0 0.0 0.0 0.0 0.0 0.0 0.0 0.0 0.0 0.0 0.0 0.0 0.0 0.0 0.0 0.0 0.0 0.0 0.0 0.0 0.0 0.0 0.0 0.0 0.0 0.0 0.0 0.0 0.0 0.0 0.0 0.0 0.0 0.0 0.0 0.0 0.0 0.0 0.0 0.0 0.0 0.0 0.0 0.0 0.0 0.0 0.0 0.0 0.0 0.0 0.0 0.0 0.0 0.0 0.0 0.0 0.0 0.0 0.0 0.0 0.0 0.0 0.0 0.0 0.0 0.0 0.0 0.0 0.0 0.0 0.0 0.0 0.0 0.0 0.0 0.0 0.0 0.0 
9.191919191919213 9.191919191919213 0.0 0.0 0.0 0.0 0.0 0.0 0.0 0.0 0.0 0.0 0.0 0.0 0.0 0.0 0.0 0.0 0.0 0.0 0.0 0.0 0.0 0.0 0.0 0.0 0.0 0.0 0.0 0.0 0.0 0.0 0.0 0.0 0.0 0.0 0.0 0.0 0.0 0.0 0.0 0.0 0.0 0.0 0.0 0.0 0.0 0.0 0.0 0.0 0.0 0.0 0.0 0.0 0.0 0.0 0.0 0.0 0.0 0.0 0.0 0.0 0.0 0.0 0.0 0.0 0.0 0.0 0.0 0.0 0.0 0.0 0.0 0.0 0.0 0.0 0.0 0.0 0.0 0.0 0.0 0.0 0.0 0.0 0.0 0.0 0.0 0.0 0.0 0.0 0.0 0.0 0.0 0.0 0.0 0.0 0.0 0.0 0.0 0.0 0.0 0.0 
9.393939393939416 9.393939393939416 0.0 0.0 0.0 0.0 0.0 0.0 0.0 0.0 0.0 0.0 0.0 0.0 0.0 0.0 0.0 0.0 0.0 0.0 0.0 0.0 0.0 0.0 0.0 0.0 0.0 0.0 0.0 0.0 0.0 0.0 0.0 0.0 0.0 0.0 0.0 0.0 0.0 0.0 0.0 0.0 0.0 0.0 0.0 0.0 0.0 0.0 0.0 0.0 0.0 0.0 0.0 0.0 0.0 0.0 0.0 0.0 0.0 0.0 0.0 0.0 0.0 0.0 0.0 0.0 0.0 0.0 0.0 0.0 0.0 0.0 0.0 0.0 0.0 0.0 0.0 0.0 0.0 0.0 0.0 0.0 0.0 0.0 0.0 0.0 0.0 0.0 0.0 0.0 0.0 0.0 0.0 0.0 0.0 0.0 0.0 0.0 0.0 0.0 0.0 0.0 
9.595959595959618 9.595959595959618 0.0 0.0 0.0 0.0 0.0 0.0 0.0 0.0 0.0 0.0 0.0 0.0 0.0 0.0 0.0 0.0 0.0 0.0 0.0 0.0 0.0 0.0 0.0 0.0 0.0 0.0 0.0 0.0 0.0 0.0 0.0 0.0 0.0 0.0 0.0 0.0 0.0 0.0 0.0 0.0 0.0 0.0 0.0 0.0 0.0 0.0 0.0 0.0 0.0 0.0 0.0 0.0 0.0 0.0 0.0 0.0 0.0 0.0 0.0 0.0 0.0 0.0 0.0 0.0 0.0 0.0 0.0 0.0 0.0 0.0 0.0 0.0 0.0 0.0 0.0 0.0 0.0 0.0 0.0 0.0 0.0 0.0 0.0 0.0 0.0 0.0 0.0 0.0 0.0 0.0 0.0 0.0 0.0 0.0 0.0 0.0 0.0 0.0 0.0 0.0 
9.79797979797982 9.79797979797982 0.0 0.0 0.0 0.0 0.0 0.0 0.0 0.0 0.0 0.0 0.0 0.0 0.0 0.0 0.0 0.0 0.0 0.0 0.0 0.0 0.0 0.0 0.0 0.0 0.0 0.0 0.0 0.0 0.0 0.0 0.0 0.0 0.0 0.0 0.0 0.0 0.0 0.0 0.0 0.0 0.0 0.0 0.0 0.0 0.0 0.0 0.0 0.0 0.0 0.0 0.0 0.0 0.0 0.0 0.0 0.0 0.0 0.0 0.0 0.0 0.0 0.0 0.0 0.0 0.0 0.0 0.0 0.0 0.0 0.0 0.0 0.0 0.0 0.0 0.0 0.0 0.0 0.0 0.0 0.0 0.0 0.0 0.0 0.0 0.0 0.0 0.0 0.0 0.0 0.0 0.0 0.0 0.0 0.0 0.0 0.0 0.0 0.0 0.0 0.0 
10.000000000000023 10.000000000000023 0.0 0.0 0.0 0.0 0.0 0.0 0.0 0.0 0.0 0.0 0.0 0.0 0.0 0.0 0.0 0.0 0.0 0.0 0.0 0.0 0.0 0.0 0.0 0.0 0.0 0.0 0.0 0.0 0.0 0.0 0.0 0.0 0.0 0.0 0.0 0.0 0.0 0.0 0.0 0.0 0.0 0.0 0.0 0.0 0.0 0.0 0.0 0.0 0.0 0.0 0.0 0.0 0.0 0.0 0.0 0.0 0.0 0.0 0.0 0.0 0.0 0.0 0.0 0.0 0.0 0.0 0.0 0.0 0.0 0.0 0.0 0.0 0.0 0.0 0.0 0.0 0.0 0.0 0.0 0.0 0.0 0.0 0.0 0.0 0.0 0.0 0.0 0.0 0.0 0.0 0.0 0.0 0.0 0.0 0.0 0.0 0.0 0.0 0.0 0.0 
